1 12288 5120 5120
40 4096 4096 128
40 4096 128 4096
1 4096 5120 5120
1 8192 13824 5120
1 4096 5120 13824
1 12288 5120 5120
40 4096 4096 128
40 4096 128 4096
1 4096 5120 5120
1 8192 13824 5120
1 4096 5120 13824
1 12288 5120 5120
40 4096 4096 128
40 4096 128 4096
1 4096 5120 5120
1 8192 13824 5120
1 4096 5120 13824
1 12288 5120 5120
40 4096 4096 128
40 4096 128 4096
1 4096 5120 5120
1 8192 13824 5120
1 4096 5120 13824
1 12288 5120 5120
40 4096 4096 128
40 4096 128 4096
1 4096 5120 5120
1 8192 13824 5120
1 4096 5120 13824
1 12288 5120 5120
40 4096 4096 128
40 4096 128 4096
1 4096 5120 5120
1 8192 13824 5120
1 4096 5120 13824
1 12288 5120 5120
40 4096 4096 128
40 4096 128 4096
1 4096 5120 5120
1 8192 13824 5120
1 4096 5120 13824
1 12288 5120 5120
40 4096 4096 128
40 4096 128 4096
1 4096 5120 5120
1 8192 13824 5120
1 4096 5120 13824
1 12288 5120 5120
40 4096 4096 128
40 4096 128 4096
1 4096 5120 5120
1 8192 13824 5120
1 4096 5120 13824
1 12288 5120 5120
40 4096 4096 128
40 4096 128 4096
1 4096 5120 5120
1 8192 13824 5120
1 4096 5120 13824
1 12288 5120 5120
40 4096 4096 128
40 4096 128 4096
1 4096 5120 5120
1 8192 13824 5120
1 4096 5120 13824
1 12288 5120 5120
40 4096 4096 128
40 4096 128 4096
1 4096 5120 5120
1 8192 13824 5120
1 4096 5120 13824
1 12288 5120 5120
40 4096 4096 128
40 4096 128 4096
1 4096 5120 5120
1 8192 13824 5120
1 4096 5120 13824
1 12288 5120 5120
40 4096 4096 128
40 4096 128 4096
1 4096 5120 5120
1 8192 13824 5120
1 4096 5120 13824
1 12288 5120 5120
40 4096 4096 128
40 4096 128 4096
1 4096 5120 5120
1 8192 13824 5120
1 4096 5120 13824
1 12288 5120 5120
40 4096 4096 128
40 4096 128 4096
1 4096 5120 5120
1 8192 13824 5120
1 4096 5120 13824
1 12288 5120 5120
40 4096 4096 128
40 4096 128 4096
1 4096 5120 5120
1 8192 13824 5120
1 4096 5120 13824
1 12288 5120 5120
40 4096 4096 128
40 4096 128 4096
1 4096 5120 5120
1 8192 13824 5120
1 4096 5120 13824
1 12288 5120 5120
40 4096 4096 128
40 4096 128 4096
1 4096 5120 5120
1 8192 13824 5120
1 4096 5120 13824
1 12288 5120 5120
40 4096 4096 128
40 4096 128 4096
1 4096 5120 5120
1 8192 13824 5120
1 4096 5120 13824
1 12288 5120 5120
40 4096 4096 128
40 4096 128 4096
1 4096 5120 5120
1 8192 13824 5120
1 4096 5120 13824
1 12288 5120 5120
40 4096 4096 128
40 4096 128 4096
1 4096 5120 5120
1 8192 13824 5120
1 4096 5120 13824
1 12288 5120 5120
40 4096 4096 128
40 4096 128 4096
1 4096 5120 5120
1 8192 13824 5120
1 4096 5120 13824
1 12288 5120 5120
40 4096 4096 128
40 4096 128 4096
1 4096 5120 5120
1 8192 13824 5120
1 4096 5120 13824
1 12288 5120 5120
40 4096 4096 128
40 4096 128 4096
1 4096 5120 5120
1 8192 13824 5120
1 4096 5120 13824
1 12288 5120 5120
40 4096 4096 128
40 4096 128 4096
1 4096 5120 5120
1 8192 13824 5120
1 4096 5120 13824
1 12288 5120 5120
40 4096 4096 128
40 4096 128 4096
1 4096 5120 5120
1 8192 13824 5120
1 4096 5120 13824
1 12288 5120 5120
40 4096 4096 128
40 4096 128 4096
1 4096 5120 5120
1 8192 13824 5120
1 4096 5120 13824
1 12288 5120 5120
40 4096 4096 128
40 4096 128 4096
1 4096 5120 5120
1 8192 13824 5120
1 4096 5120 13824
1 12288 5120 5120
40 4096 4096 128
40 4096 128 4096
1 4096 5120 5120
1 8192 13824 5120
1 4096 5120 13824
1 12288 5120 5120
40 4096 4096 128
40 4096 128 4096
1 4096 5120 5120
1 8192 13824 5120
1 4096 5120 13824
1 12288 5120 5120
40 4096 4096 128
40 4096 128 4096
1 4096 5120 5120
1 8192 13824 5120
1 4096 5120 13824
1 12288 5120 5120
40 4096 4096 128
40 4096 128 4096
1 4096 5120 5120
1 8192 13824 5120
1 4096 5120 13824
1 12288 5120 5120
40 4096 4096 128
40 4096 128 4096
1 4096 5120 5120
1 8192 13824 5120
1 4096 5120 13824
1 12288 5120 5120
40 4096 4096 128
40 4096 128 4096
1 4096 5120 5120
1 8192 13824 5120
1 4096 5120 13824
1 12288 5120 5120
40 4096 4096 128
40 4096 128 4096
1 4096 5120 5120
1 8192 13824 5120
1 4096 5120 13824
1 12288 5120 5120
40 4096 4096 128
40 4096 128 4096
1 4096 5120 5120
1 8192 13824 5120
1 4096 5120 13824
1 12288 5120 5120
40 4096 4096 128
40 4096 128 4096
1 4096 5120 5120
1 8192 13824 5120
1 4096 5120 13824
1 12288 5120 5120
40 4096 4096 128
40 4096 128 4096
1 4096 5120 5120
1 8192 13824 5120
1 4096 5120 13824
1 12288 5120 5120
40 4096 4096 128
40 4096 128 4096
1 4096 5120 5120
1 8192 13824 5120
1 4096 5120 13824
1 4096 32016 5120
