1 3072 5120 5120
40 1024 1024 128
40 1024 128 1024
1 1024 5120 5120
1 2048 13824 5120
1 1024 5120 13824
1 3072 5120 5120
40 1024 1024 128
40 1024 128 1024
1 1024 5120 5120
1 2048 13824 5120
1 1024 5120 13824
1 3072 5120 5120
40 1024 1024 128
40 1024 128 1024
1 1024 5120 5120
1 2048 13824 5120
1 1024 5120 13824
1 3072 5120 5120
40 1024 1024 128
40 1024 128 1024
1 1024 5120 5120
1 2048 13824 5120
1 1024 5120 13824
1 3072 5120 5120
40 1024 1024 128
40 1024 128 1024
1 1024 5120 5120
1 2048 13824 5120
1 1024 5120 13824
1 3072 5120 5120
40 1024 1024 128
40 1024 128 1024
1 1024 5120 5120
1 2048 13824 5120
1 1024 5120 13824
1 3072 5120 5120
40 1024 1024 128
40 1024 128 1024
1 1024 5120 5120
1 2048 13824 5120
1 1024 5120 13824
1 3072 5120 5120
40 1024 1024 128
40 1024 128 1024
1 1024 5120 5120
1 2048 13824 5120
1 1024 5120 13824
1 3072 5120 5120
40 1024 1024 128
40 1024 128 1024
1 1024 5120 5120
1 2048 13824 5120
1 1024 5120 13824
1 3072 5120 5120
40 1024 1024 128
40 1024 128 1024
1 1024 5120 5120
1 2048 13824 5120
1 1024 5120 13824
1 3072 5120 5120
40 1024 1024 128
40 1024 128 1024
1 1024 5120 5120
1 2048 13824 5120
1 1024 5120 13824
1 3072 5120 5120
40 1024 1024 128
40 1024 128 1024
1 1024 5120 5120
1 2048 13824 5120
1 1024 5120 13824
1 3072 5120 5120
40 1024 1024 128
40 1024 128 1024
1 1024 5120 5120
1 2048 13824 5120
1 1024 5120 13824
1 3072 5120 5120
40 1024 1024 128
40 1024 128 1024
1 1024 5120 5120
1 2048 13824 5120
1 1024 5120 13824
1 3072 5120 5120
40 1024 1024 128
40 1024 128 1024
1 1024 5120 5120
1 2048 13824 5120
1 1024 5120 13824
1 3072 5120 5120
40 1024 1024 128
40 1024 128 1024
1 1024 5120 5120
1 2048 13824 5120
1 1024 5120 13824
1 3072 5120 5120
40 1024 1024 128
40 1024 128 1024
1 1024 5120 5120
1 2048 13824 5120
1 1024 5120 13824
1 3072 5120 5120
40 1024 1024 128
40 1024 128 1024
1 1024 5120 5120
1 2048 13824 5120
1 1024 5120 13824
1 3072 5120 5120
40 1024 1024 128
40 1024 128 1024
1 1024 5120 5120
1 2048 13824 5120
1 1024 5120 13824
1 3072 5120 5120
40 1024 1024 128
40 1024 128 1024
1 1024 5120 5120
1 2048 13824 5120
1 1024 5120 13824
1 3072 5120 5120
40 1024 1024 128
40 1024 128 1024
1 1024 5120 5120
1 2048 13824 5120
1 1024 5120 13824
1 3072 5120 5120
40 1024 1024 128
40 1024 128 1024
1 1024 5120 5120
1 2048 13824 5120
1 1024 5120 13824
1 3072 5120 5120
40 1024 1024 128
40 1024 128 1024
1 1024 5120 5120
1 2048 13824 5120
1 1024 5120 13824
1 3072 5120 5120
40 1024 1024 128
40 1024 128 1024
1 1024 5120 5120
1 2048 13824 5120
1 1024 5120 13824
1 3072 5120 5120
40 1024 1024 128
40 1024 128 1024
1 1024 5120 5120
1 2048 13824 5120
1 1024 5120 13824
1 3072 5120 5120
40 1024 1024 128
40 1024 128 1024
1 1024 5120 5120
1 2048 13824 5120
1 1024 5120 13824
1 3072 5120 5120
40 1024 1024 128
40 1024 128 1024
1 1024 5120 5120
1 2048 13824 5120
1 1024 5120 13824
1 3072 5120 5120
40 1024 1024 128
40 1024 128 1024
1 1024 5120 5120
1 2048 13824 5120
1 1024 5120 13824
1 3072 5120 5120
40 1024 1024 128
40 1024 128 1024
1 1024 5120 5120
1 2048 13824 5120
1 1024 5120 13824
1 3072 5120 5120
40 1024 1024 128
40 1024 128 1024
1 1024 5120 5120
1 2048 13824 5120
1 1024 5120 13824
1 3072 5120 5120
40 1024 1024 128
40 1024 128 1024
1 1024 5120 5120
1 2048 13824 5120
1 1024 5120 13824
1 3072 5120 5120
40 1024 1024 128
40 1024 128 1024
1 1024 5120 5120
1 2048 13824 5120
1 1024 5120 13824
1 3072 5120 5120
40 1024 1024 128
40 1024 128 1024
1 1024 5120 5120
1 2048 13824 5120
1 1024 5120 13824
1 3072 5120 5120
40 1024 1024 128
40 1024 128 1024
1 1024 5120 5120
1 2048 13824 5120
1 1024 5120 13824
1 3072 5120 5120
40 1024 1024 128
40 1024 128 1024
1 1024 5120 5120
1 2048 13824 5120
1 1024 5120 13824
1 3072 5120 5120
40 1024 1024 128
40 1024 128 1024
1 1024 5120 5120
1 2048 13824 5120
1 1024 5120 13824
1 3072 5120 5120
40 1024 1024 128
40 1024 128 1024
1 1024 5120 5120
1 2048 13824 5120
1 1024 5120 13824
1 3072 5120 5120
40 1024 1024 128
40 1024 128 1024
1 1024 5120 5120
1 2048 13824 5120
1 1024 5120 13824
1 3072 5120 5120
40 1024 1024 128
40 1024 128 1024
1 1024 5120 5120
1 2048 13824 5120
1 1024 5120 13824
1 3072 5120 5120
40 1024 1024 128
40 1024 128 1024
1 1024 5120 5120
1 2048 13824 5120
1 1024 5120 13824
1 1024 32016 5120
