1 3 5120 5120
40 1 2048 128
40 1 128 2048
1 1 5120 5120
1 2 13824 5120
1 1 5120 13824
1 3 5120 5120
40 1 2048 128
40 1 128 2048
1 1 5120 5120
1 2 13824 5120
1 1 5120 13824
1 3 5120 5120
40 1 2048 128
40 1 128 2048
1 1 5120 5120
1 2 13824 5120
1 1 5120 13824
1 3 5120 5120
40 1 2048 128
40 1 128 2048
1 1 5120 5120
1 2 13824 5120
1 1 5120 13824
1 3 5120 5120
40 1 2048 128
40 1 128 2048
1 1 5120 5120
1 2 13824 5120
1 1 5120 13824
1 3 5120 5120
40 1 2048 128
40 1 128 2048
1 1 5120 5120
1 2 13824 5120
1 1 5120 13824
1 3 5120 5120
40 1 2048 128
40 1 128 2048
1 1 5120 5120
1 2 13824 5120
1 1 5120 13824
1 3 5120 5120
40 1 2048 128
40 1 128 2048
1 1 5120 5120
1 2 13824 5120
1 1 5120 13824
1 3 5120 5120
40 1 2048 128
40 1 128 2048
1 1 5120 5120
1 2 13824 5120
1 1 5120 13824
1 3 5120 5120
40 1 2048 128
40 1 128 2048
1 1 5120 5120
1 2 13824 5120
1 1 5120 13824
1 3 5120 5120
40 1 2048 128
40 1 128 2048
1 1 5120 5120
1 2 13824 5120
1 1 5120 13824
1 3 5120 5120
40 1 2048 128
40 1 128 2048
1 1 5120 5120
1 2 13824 5120
1 1 5120 13824
1 3 5120 5120
40 1 2048 128
40 1 128 2048
1 1 5120 5120
1 2 13824 5120
1 1 5120 13824
1 3 5120 5120
40 1 2048 128
40 1 128 2048
1 1 5120 5120
1 2 13824 5120
1 1 5120 13824
1 3 5120 5120
40 1 2048 128
40 1 128 2048
1 1 5120 5120
1 2 13824 5120
1 1 5120 13824
1 3 5120 5120
40 1 2048 128
40 1 128 2048
1 1 5120 5120
1 2 13824 5120
1 1 5120 13824
1 3 5120 5120
40 1 2048 128
40 1 128 2048
1 1 5120 5120
1 2 13824 5120
1 1 5120 13824
1 3 5120 5120
40 1 2048 128
40 1 128 2048
1 1 5120 5120
1 2 13824 5120
1 1 5120 13824
1 3 5120 5120
40 1 2048 128
40 1 128 2048
1 1 5120 5120
1 2 13824 5120
1 1 5120 13824
1 3 5120 5120
40 1 2048 128
40 1 128 2048
1 1 5120 5120
1 2 13824 5120
1 1 5120 13824
1 3 5120 5120
40 1 2048 128
40 1 128 2048
1 1 5120 5120
1 2 13824 5120
1 1 5120 13824
1 3 5120 5120
40 1 2048 128
40 1 128 2048
1 1 5120 5120
1 2 13824 5120
1 1 5120 13824
1 3 5120 5120
40 1 2048 128
40 1 128 2048
1 1 5120 5120
1 2 13824 5120
1 1 5120 13824
1 3 5120 5120
40 1 2048 128
40 1 128 2048
1 1 5120 5120
1 2 13824 5120
1 1 5120 13824
1 3 5120 5120
40 1 2048 128
40 1 128 2048
1 1 5120 5120
1 2 13824 5120
1 1 5120 13824
1 3 5120 5120
40 1 2048 128
40 1 128 2048
1 1 5120 5120
1 2 13824 5120
1 1 5120 13824
1 3 5120 5120
40 1 2048 128
40 1 128 2048
1 1 5120 5120
1 2 13824 5120
1 1 5120 13824
1 3 5120 5120
40 1 2048 128
40 1 128 2048
1 1 5120 5120
1 2 13824 5120
1 1 5120 13824
1 3 5120 5120
40 1 2048 128
40 1 128 2048
1 1 5120 5120
1 2 13824 5120
1 1 5120 13824
1 3 5120 5120
40 1 2048 128
40 1 128 2048
1 1 5120 5120
1 2 13824 5120
1 1 5120 13824
1 3 5120 5120
40 1 2048 128
40 1 128 2048
1 1 5120 5120
1 2 13824 5120
1 1 5120 13824
1 3 5120 5120
40 1 2048 128
40 1 128 2048
1 1 5120 5120
1 2 13824 5120
1 1 5120 13824
1 3 5120 5120
40 1 2048 128
40 1 128 2048
1 1 5120 5120
1 2 13824 5120
1 1 5120 13824
1 3 5120 5120
40 1 2048 128
40 1 128 2048
1 1 5120 5120
1 2 13824 5120
1 1 5120 13824
1 3 5120 5120
40 1 2048 128
40 1 128 2048
1 1 5120 5120
1 2 13824 5120
1 1 5120 13824
1 3 5120 5120
40 1 2048 128
40 1 128 2048
1 1 5120 5120
1 2 13824 5120
1 1 5120 13824
1 3 5120 5120
40 1 2048 128
40 1 128 2048
1 1 5120 5120
1 2 13824 5120
1 1 5120 13824
1 3 5120 5120
40 1 2048 128
40 1 128 2048
1 1 5120 5120
1 2 13824 5120
1 1 5120 13824
1 3 5120 5120
40 1 2048 128
40 1 128 2048
1 1 5120 5120
1 2 13824 5120
1 1 5120 13824
1 3 5120 5120
40 1 2048 128
40 1 128 2048
1 1 5120 5120
1 2 13824 5120
1 1 5120 13824
1 1 32016 5120
