32 3 5120 5120
1280 1 2048 128
1280 1 128 2048
32 1 5120 5120
32 2 13824 5120
32 1 5120 13824
32 3 5120 5120
1280 1 2048 128
1280 1 128 2048
32 1 5120 5120
32 2 13824 5120
32 1 5120 13824
32 3 5120 5120
1280 1 2048 128
1280 1 128 2048
32 1 5120 5120
32 2 13824 5120
32 1 5120 13824
32 3 5120 5120
1280 1 2048 128
1280 1 128 2048
32 1 5120 5120
32 2 13824 5120
32 1 5120 13824
32 3 5120 5120
1280 1 2048 128
1280 1 128 2048
32 1 5120 5120
32 2 13824 5120
32 1 5120 13824
32 3 5120 5120
1280 1 2048 128
1280 1 128 2048
32 1 5120 5120
32 2 13824 5120
32 1 5120 13824
32 3 5120 5120
1280 1 2048 128
1280 1 128 2048
32 1 5120 5120
32 2 13824 5120
32 1 5120 13824
32 3 5120 5120
1280 1 2048 128
1280 1 128 2048
32 1 5120 5120
32 2 13824 5120
32 1 5120 13824
32 3 5120 5120
1280 1 2048 128
1280 1 128 2048
32 1 5120 5120
32 2 13824 5120
32 1 5120 13824
32 3 5120 5120
1280 1 2048 128
1280 1 128 2048
32 1 5120 5120
32 2 13824 5120
32 1 5120 13824
32 3 5120 5120
1280 1 2048 128
1280 1 128 2048
32 1 5120 5120
32 2 13824 5120
32 1 5120 13824
32 3 5120 5120
1280 1 2048 128
1280 1 128 2048
32 1 5120 5120
32 2 13824 5120
32 1 5120 13824
32 3 5120 5120
1280 1 2048 128
1280 1 128 2048
32 1 5120 5120
32 2 13824 5120
32 1 5120 13824
32 3 5120 5120
1280 1 2048 128
1280 1 128 2048
32 1 5120 5120
32 2 13824 5120
32 1 5120 13824
32 3 5120 5120
1280 1 2048 128
1280 1 128 2048
32 1 5120 5120
32 2 13824 5120
32 1 5120 13824
32 3 5120 5120
1280 1 2048 128
1280 1 128 2048
32 1 5120 5120
32 2 13824 5120
32 1 5120 13824
32 3 5120 5120
1280 1 2048 128
1280 1 128 2048
32 1 5120 5120
32 2 13824 5120
32 1 5120 13824
32 3 5120 5120
1280 1 2048 128
1280 1 128 2048
32 1 5120 5120
32 2 13824 5120
32 1 5120 13824
32 3 5120 5120
1280 1 2048 128
1280 1 128 2048
32 1 5120 5120
32 2 13824 5120
32 1 5120 13824
32 3 5120 5120
1280 1 2048 128
1280 1 128 2048
32 1 5120 5120
32 2 13824 5120
32 1 5120 13824
32 3 5120 5120
1280 1 2048 128
1280 1 128 2048
32 1 5120 5120
32 2 13824 5120
32 1 5120 13824
32 3 5120 5120
1280 1 2048 128
1280 1 128 2048
32 1 5120 5120
32 2 13824 5120
32 1 5120 13824
32 3 5120 5120
1280 1 2048 128
1280 1 128 2048
32 1 5120 5120
32 2 13824 5120
32 1 5120 13824
32 3 5120 5120
1280 1 2048 128
1280 1 128 2048
32 1 5120 5120
32 2 13824 5120
32 1 5120 13824
32 3 5120 5120
1280 1 2048 128
1280 1 128 2048
32 1 5120 5120
32 2 13824 5120
32 1 5120 13824
32 3 5120 5120
1280 1 2048 128
1280 1 128 2048
32 1 5120 5120
32 2 13824 5120
32 1 5120 13824
32 3 5120 5120
1280 1 2048 128
1280 1 128 2048
32 1 5120 5120
32 2 13824 5120
32 1 5120 13824
32 3 5120 5120
1280 1 2048 128
1280 1 128 2048
32 1 5120 5120
32 2 13824 5120
32 1 5120 13824
32 3 5120 5120
1280 1 2048 128
1280 1 128 2048
32 1 5120 5120
32 2 13824 5120
32 1 5120 13824
32 3 5120 5120
1280 1 2048 128
1280 1 128 2048
32 1 5120 5120
32 2 13824 5120
32 1 5120 13824
32 3 5120 5120
1280 1 2048 128
1280 1 128 2048
32 1 5120 5120
32 2 13824 5120
32 1 5120 13824
32 3 5120 5120
1280 1 2048 128
1280 1 128 2048
32 1 5120 5120
32 2 13824 5120
32 1 5120 13824
32 3 5120 5120
1280 1 2048 128
1280 1 128 2048
32 1 5120 5120
32 2 13824 5120
32 1 5120 13824
32 3 5120 5120
1280 1 2048 128
1280 1 128 2048
32 1 5120 5120
32 2 13824 5120
32 1 5120 13824
32 3 5120 5120
1280 1 2048 128
1280 1 128 2048
32 1 5120 5120
32 2 13824 5120
32 1 5120 13824
32 3 5120 5120
1280 1 2048 128
1280 1 128 2048
32 1 5120 5120
32 2 13824 5120
32 1 5120 13824
32 3 5120 5120
1280 1 2048 128
1280 1 128 2048
32 1 5120 5120
32 2 13824 5120
32 1 5120 13824
32 3 5120 5120
1280 1 2048 128
1280 1 128 2048
32 1 5120 5120
32 2 13824 5120
32 1 5120 13824
32 3 5120 5120
1280 1 2048 128
1280 1 128 2048
32 1 5120 5120
32 2 13824 5120
32 1 5120 13824
32 3 5120 5120
1280 1 2048 128
1280 1 128 2048
32 1 5120 5120
32 2 13824 5120
32 1 5120 13824
32 1 32016 5120
