1 384 5120 5120
40 128 128 128
40 128 128 128
1 128 5120 5120
1 256 13824 5120
1 128 5120 13824
1 384 5120 5120
40 128 128 128
40 128 128 128
1 128 5120 5120
1 256 13824 5120
1 128 5120 13824
1 384 5120 5120
40 128 128 128
40 128 128 128
1 128 5120 5120
1 256 13824 5120
1 128 5120 13824
1 384 5120 5120
40 128 128 128
40 128 128 128
1 128 5120 5120
1 256 13824 5120
1 128 5120 13824
1 384 5120 5120
40 128 128 128
40 128 128 128
1 128 5120 5120
1 256 13824 5120
1 128 5120 13824
1 384 5120 5120
40 128 128 128
40 128 128 128
1 128 5120 5120
1 256 13824 5120
1 128 5120 13824
1 384 5120 5120
40 128 128 128
40 128 128 128
1 128 5120 5120
1 256 13824 5120
1 128 5120 13824
1 384 5120 5120
40 128 128 128
40 128 128 128
1 128 5120 5120
1 256 13824 5120
1 128 5120 13824
1 384 5120 5120
40 128 128 128
40 128 128 128
1 128 5120 5120
1 256 13824 5120
1 128 5120 13824
1 384 5120 5120
40 128 128 128
40 128 128 128
1 128 5120 5120
1 256 13824 5120
1 128 5120 13824
1 384 5120 5120
40 128 128 128
40 128 128 128
1 128 5120 5120
1 256 13824 5120
1 128 5120 13824
1 384 5120 5120
40 128 128 128
40 128 128 128
1 128 5120 5120
1 256 13824 5120
1 128 5120 13824
1 384 5120 5120
40 128 128 128
40 128 128 128
1 128 5120 5120
1 256 13824 5120
1 128 5120 13824
1 384 5120 5120
40 128 128 128
40 128 128 128
1 128 5120 5120
1 256 13824 5120
1 128 5120 13824
1 384 5120 5120
40 128 128 128
40 128 128 128
1 128 5120 5120
1 256 13824 5120
1 128 5120 13824
1 384 5120 5120
40 128 128 128
40 128 128 128
1 128 5120 5120
1 256 13824 5120
1 128 5120 13824
1 384 5120 5120
40 128 128 128
40 128 128 128
1 128 5120 5120
1 256 13824 5120
1 128 5120 13824
1 384 5120 5120
40 128 128 128
40 128 128 128
1 128 5120 5120
1 256 13824 5120
1 128 5120 13824
1 384 5120 5120
40 128 128 128
40 128 128 128
1 128 5120 5120
1 256 13824 5120
1 128 5120 13824
1 384 5120 5120
40 128 128 128
40 128 128 128
1 128 5120 5120
1 256 13824 5120
1 128 5120 13824
1 384 5120 5120
40 128 128 128
40 128 128 128
1 128 5120 5120
1 256 13824 5120
1 128 5120 13824
1 384 5120 5120
40 128 128 128
40 128 128 128
1 128 5120 5120
1 256 13824 5120
1 128 5120 13824
1 384 5120 5120
40 128 128 128
40 128 128 128
1 128 5120 5120
1 256 13824 5120
1 128 5120 13824
1 384 5120 5120
40 128 128 128
40 128 128 128
1 128 5120 5120
1 256 13824 5120
1 128 5120 13824
1 384 5120 5120
40 128 128 128
40 128 128 128
1 128 5120 5120
1 256 13824 5120
1 128 5120 13824
1 384 5120 5120
40 128 128 128
40 128 128 128
1 128 5120 5120
1 256 13824 5120
1 128 5120 13824
1 384 5120 5120
40 128 128 128
40 128 128 128
1 128 5120 5120
1 256 13824 5120
1 128 5120 13824
1 384 5120 5120
40 128 128 128
40 128 128 128
1 128 5120 5120
1 256 13824 5120
1 128 5120 13824
1 384 5120 5120
40 128 128 128
40 128 128 128
1 128 5120 5120
1 256 13824 5120
1 128 5120 13824
1 384 5120 5120
40 128 128 128
40 128 128 128
1 128 5120 5120
1 256 13824 5120
1 128 5120 13824
1 384 5120 5120
40 128 128 128
40 128 128 128
1 128 5120 5120
1 256 13824 5120
1 128 5120 13824
1 384 5120 5120
40 128 128 128
40 128 128 128
1 128 5120 5120
1 256 13824 5120
1 128 5120 13824
1 384 5120 5120
40 128 128 128
40 128 128 128
1 128 5120 5120
1 256 13824 5120
1 128 5120 13824
1 384 5120 5120
40 128 128 128
40 128 128 128
1 128 5120 5120
1 256 13824 5120
1 128 5120 13824
1 384 5120 5120
40 128 128 128
40 128 128 128
1 128 5120 5120
1 256 13824 5120
1 128 5120 13824
1 384 5120 5120
40 128 128 128
40 128 128 128
1 128 5120 5120
1 256 13824 5120
1 128 5120 13824
1 384 5120 5120
40 128 128 128
40 128 128 128
1 128 5120 5120
1 256 13824 5120
1 128 5120 13824
1 384 5120 5120
40 128 128 128
40 128 128 128
1 128 5120 5120
1 256 13824 5120
1 128 5120 13824
1 384 5120 5120
40 128 128 128
40 128 128 128
1 128 5120 5120
1 256 13824 5120
1 128 5120 13824
1 384 5120 5120
40 128 128 128
40 128 128 128
1 128 5120 5120
1 256 13824 5120
1 128 5120 13824
1 128 32016 5120
