8 3 5120 5120
320 1 2048 128
320 1 128 2048
8 1 5120 5120
8 2 13824 5120
8 1 5120 13824
8 3 5120 5120
320 1 2048 128
320 1 128 2048
8 1 5120 5120
8 2 13824 5120
8 1 5120 13824
8 3 5120 5120
320 1 2048 128
320 1 128 2048
8 1 5120 5120
8 2 13824 5120
8 1 5120 13824
8 3 5120 5120
320 1 2048 128
320 1 128 2048
8 1 5120 5120
8 2 13824 5120
8 1 5120 13824
8 3 5120 5120
320 1 2048 128
320 1 128 2048
8 1 5120 5120
8 2 13824 5120
8 1 5120 13824
8 3 5120 5120
320 1 2048 128
320 1 128 2048
8 1 5120 5120
8 2 13824 5120
8 1 5120 13824
8 3 5120 5120
320 1 2048 128
320 1 128 2048
8 1 5120 5120
8 2 13824 5120
8 1 5120 13824
8 3 5120 5120
320 1 2048 128
320 1 128 2048
8 1 5120 5120
8 2 13824 5120
8 1 5120 13824
8 3 5120 5120
320 1 2048 128
320 1 128 2048
8 1 5120 5120
8 2 13824 5120
8 1 5120 13824
8 3 5120 5120
320 1 2048 128
320 1 128 2048
8 1 5120 5120
8 2 13824 5120
8 1 5120 13824
8 3 5120 5120
320 1 2048 128
320 1 128 2048
8 1 5120 5120
8 2 13824 5120
8 1 5120 13824
8 3 5120 5120
320 1 2048 128
320 1 128 2048
8 1 5120 5120
8 2 13824 5120
8 1 5120 13824
8 3 5120 5120
320 1 2048 128
320 1 128 2048
8 1 5120 5120
8 2 13824 5120
8 1 5120 13824
8 3 5120 5120
320 1 2048 128
320 1 128 2048
8 1 5120 5120
8 2 13824 5120
8 1 5120 13824
8 3 5120 5120
320 1 2048 128
320 1 128 2048
8 1 5120 5120
8 2 13824 5120
8 1 5120 13824
8 3 5120 5120
320 1 2048 128
320 1 128 2048
8 1 5120 5120
8 2 13824 5120
8 1 5120 13824
8 3 5120 5120
320 1 2048 128
320 1 128 2048
8 1 5120 5120
8 2 13824 5120
8 1 5120 13824
8 3 5120 5120
320 1 2048 128
320 1 128 2048
8 1 5120 5120
8 2 13824 5120
8 1 5120 13824
8 3 5120 5120
320 1 2048 128
320 1 128 2048
8 1 5120 5120
8 2 13824 5120
8 1 5120 13824
8 3 5120 5120
320 1 2048 128
320 1 128 2048
8 1 5120 5120
8 2 13824 5120
8 1 5120 13824
8 3 5120 5120
320 1 2048 128
320 1 128 2048
8 1 5120 5120
8 2 13824 5120
8 1 5120 13824
8 3 5120 5120
320 1 2048 128
320 1 128 2048
8 1 5120 5120
8 2 13824 5120
8 1 5120 13824
8 3 5120 5120
320 1 2048 128
320 1 128 2048
8 1 5120 5120
8 2 13824 5120
8 1 5120 13824
8 3 5120 5120
320 1 2048 128
320 1 128 2048
8 1 5120 5120
8 2 13824 5120
8 1 5120 13824
8 3 5120 5120
320 1 2048 128
320 1 128 2048
8 1 5120 5120
8 2 13824 5120
8 1 5120 13824
8 3 5120 5120
320 1 2048 128
320 1 128 2048
8 1 5120 5120
8 2 13824 5120
8 1 5120 13824
8 3 5120 5120
320 1 2048 128
320 1 128 2048
8 1 5120 5120
8 2 13824 5120
8 1 5120 13824
8 3 5120 5120
320 1 2048 128
320 1 128 2048
8 1 5120 5120
8 2 13824 5120
8 1 5120 13824
8 3 5120 5120
320 1 2048 128
320 1 128 2048
8 1 5120 5120
8 2 13824 5120
8 1 5120 13824
8 3 5120 5120
320 1 2048 128
320 1 128 2048
8 1 5120 5120
8 2 13824 5120
8 1 5120 13824
8 3 5120 5120
320 1 2048 128
320 1 128 2048
8 1 5120 5120
8 2 13824 5120
8 1 5120 13824
8 3 5120 5120
320 1 2048 128
320 1 128 2048
8 1 5120 5120
8 2 13824 5120
8 1 5120 13824
8 3 5120 5120
320 1 2048 128
320 1 128 2048
8 1 5120 5120
8 2 13824 5120
8 1 5120 13824
8 3 5120 5120
320 1 2048 128
320 1 128 2048
8 1 5120 5120
8 2 13824 5120
8 1 5120 13824
8 3 5120 5120
320 1 2048 128
320 1 128 2048
8 1 5120 5120
8 2 13824 5120
8 1 5120 13824
8 3 5120 5120
320 1 2048 128
320 1 128 2048
8 1 5120 5120
8 2 13824 5120
8 1 5120 13824
8 3 5120 5120
320 1 2048 128
320 1 128 2048
8 1 5120 5120
8 2 13824 5120
8 1 5120 13824
8 3 5120 5120
320 1 2048 128
320 1 128 2048
8 1 5120 5120
8 2 13824 5120
8 1 5120 13824
8 3 5120 5120
320 1 2048 128
320 1 128 2048
8 1 5120 5120
8 2 13824 5120
8 1 5120 13824
8 3 5120 5120
320 1 2048 128
320 1 128 2048
8 1 5120 5120
8 2 13824 5120
8 1 5120 13824
8 1 32016 5120
