1 4096 5120 5120
1 4096 1024 5120
1 4096 1024 5120
40 4096 4096 128
40 4096 128 4096
1 4096 5120 5120
1 8192 17408 5120
1 4096 5120 17408
1 4096 5120 5120
1 4096 1024 5120
1 4096 1024 5120
40 4096 4096 128
40 4096 128 4096
1 4096 5120 5120
1 8192 17408 5120
1 4096 5120 17408
1 4096 5120 5120
1 4096 1024 5120
1 4096 1024 5120
40 4096 4096 128
40 4096 128 4096
1 4096 5120 5120
1 8192 17408 5120
1 4096 5120 17408
1 4096 5120 5120
1 4096 1024 5120
1 4096 1024 5120
40 4096 4096 128
40 4096 128 4096
1 4096 5120 5120
1 8192 17408 5120
1 4096 5120 17408
1 4096 5120 5120
1 4096 1024 5120
1 4096 1024 5120
40 4096 4096 128
40 4096 128 4096
1 4096 5120 5120
1 8192 17408 5120
1 4096 5120 17408
1 4096 5120 5120
1 4096 1024 5120
1 4096 1024 5120
40 4096 4096 128
40 4096 128 4096
1 4096 5120 5120
1 8192 17408 5120
1 4096 5120 17408
1 4096 5120 5120
1 4096 1024 5120
1 4096 1024 5120
40 4096 4096 128
40 4096 128 4096
1 4096 5120 5120
1 8192 17408 5120
1 4096 5120 17408
1 4096 5120 5120
1 4096 1024 5120
1 4096 1024 5120
40 4096 4096 128
40 4096 128 4096
1 4096 5120 5120
1 8192 17408 5120
1 4096 5120 17408
1 4096 5120 5120
1 4096 1024 5120
1 4096 1024 5120
40 4096 4096 128
40 4096 128 4096
1 4096 5120 5120
1 8192 17408 5120
1 4096 5120 17408
1 4096 5120 5120
1 4096 1024 5120
1 4096 1024 5120
40 4096 4096 128
40 4096 128 4096
1 4096 5120 5120
1 8192 17408 5120
1 4096 5120 17408
1 4096 5120 5120
1 4096 1024 5120
1 4096 1024 5120
40 4096 4096 128
40 4096 128 4096
1 4096 5120 5120
1 8192 17408 5120
1 4096 5120 17408
1 4096 5120 5120
1 4096 1024 5120
1 4096 1024 5120
40 4096 4096 128
40 4096 128 4096
1 4096 5120 5120
1 8192 17408 5120
1 4096 5120 17408
1 4096 5120 5120
1 4096 1024 5120
1 4096 1024 5120
40 4096 4096 128
40 4096 128 4096
1 4096 5120 5120
1 8192 17408 5120
1 4096 5120 17408
1 4096 5120 5120
1 4096 1024 5120
1 4096 1024 5120
40 4096 4096 128
40 4096 128 4096
1 4096 5120 5120
1 8192 17408 5120
1 4096 5120 17408
1 4096 5120 5120
1 4096 1024 5120
1 4096 1024 5120
40 4096 4096 128
40 4096 128 4096
1 4096 5120 5120
1 8192 17408 5120
1 4096 5120 17408
1 4096 5120 5120
1 4096 1024 5120
1 4096 1024 5120
40 4096 4096 128
40 4096 128 4096
1 4096 5120 5120
1 8192 17408 5120
1 4096 5120 17408
1 4096 5120 5120
1 4096 1024 5120
1 4096 1024 5120
40 4096 4096 128
40 4096 128 4096
1 4096 5120 5120
1 8192 17408 5120
1 4096 5120 17408
1 4096 5120 5120
1 4096 1024 5120
1 4096 1024 5120
40 4096 4096 128
40 4096 128 4096
1 4096 5120 5120
1 8192 17408 5120
1 4096 5120 17408
1 4096 5120 5120
1 4096 1024 5120
1 4096 1024 5120
40 4096 4096 128
40 4096 128 4096
1 4096 5120 5120
1 8192 17408 5120
1 4096 5120 17408
1 4096 5120 5120
1 4096 1024 5120
1 4096 1024 5120
40 4096 4096 128
40 4096 128 4096
1 4096 5120 5120
1 8192 17408 5120
1 4096 5120 17408
1 4096 5120 5120
1 4096 1024 5120
1 4096 1024 5120
40 4096 4096 128
40 4096 128 4096
1 4096 5120 5120
1 8192 17408 5120
1 4096 5120 17408
1 4096 5120 5120
1 4096 1024 5120
1 4096 1024 5120
40 4096 4096 128
40 4096 128 4096
1 4096 5120 5120
1 8192 17408 5120
1 4096 5120 17408
1 4096 5120 5120
1 4096 1024 5120
1 4096 1024 5120
40 4096 4096 128
40 4096 128 4096
1 4096 5120 5120
1 8192 17408 5120
1 4096 5120 17408
1 4096 5120 5120
1 4096 1024 5120
1 4096 1024 5120
40 4096 4096 128
40 4096 128 4096
1 4096 5120 5120
1 8192 17408 5120
1 4096 5120 17408
1 4096 5120 5120
1 4096 1024 5120
1 4096 1024 5120
40 4096 4096 128
40 4096 128 4096
1 4096 5120 5120
1 8192 17408 5120
1 4096 5120 17408
1 4096 5120 5120
1 4096 1024 5120
1 4096 1024 5120
40 4096 4096 128
40 4096 128 4096
1 4096 5120 5120
1 8192 17408 5120
1 4096 5120 17408
1 4096 5120 5120
1 4096 1024 5120
1 4096 1024 5120
40 4096 4096 128
40 4096 128 4096
1 4096 5120 5120
1 8192 17408 5120
1 4096 5120 17408
1 4096 5120 5120
1 4096 1024 5120
1 4096 1024 5120
40 4096 4096 128
40 4096 128 4096
1 4096 5120 5120
1 8192 17408 5120
1 4096 5120 17408
1 4096 5120 5120
1 4096 1024 5120
1 4096 1024 5120
40 4096 4096 128
40 4096 128 4096
1 4096 5120 5120
1 8192 17408 5120
1 4096 5120 17408
1 4096 5120 5120
1 4096 1024 5120
1 4096 1024 5120
40 4096 4096 128
40 4096 128 4096
1 4096 5120 5120
1 8192 17408 5120
1 4096 5120 17408
1 4096 5120 5120
1 4096 1024 5120
1 4096 1024 5120
40 4096 4096 128
40 4096 128 4096
1 4096 5120 5120
1 8192 17408 5120
1 4096 5120 17408
1 4096 5120 5120
1 4096 1024 5120
1 4096 1024 5120
40 4096 4096 128
40 4096 128 4096
1 4096 5120 5120
1 8192 17408 5120
1 4096 5120 17408
1 4096 5120 5120
1 4096 1024 5120
1 4096 1024 5120
40 4096 4096 128
40 4096 128 4096
1 4096 5120 5120
1 8192 17408 5120
1 4096 5120 17408
1 4096 5120 5120
1 4096 1024 5120
1 4096 1024 5120
40 4096 4096 128
40 4096 128 4096
1 4096 5120 5120
1 8192 17408 5120
1 4096 5120 17408
1 4096 5120 5120
1 4096 1024 5120
1 4096 1024 5120
40 4096 4096 128
40 4096 128 4096
1 4096 5120 5120
1 8192 17408 5120
1 4096 5120 17408
1 4096 5120 5120
1 4096 1024 5120
1 4096 1024 5120
40 4096 4096 128
40 4096 128 4096
1 4096 5120 5120
1 8192 17408 5120
1 4096 5120 17408
1 4096 5120 5120
1 4096 1024 5120
1 4096 1024 5120
40 4096 4096 128
40 4096 128 4096
1 4096 5120 5120
1 8192 17408 5120
1 4096 5120 17408
1 4096 5120 5120
1 4096 1024 5120
1 4096 1024 5120
40 4096 4096 128
40 4096 128 4096
1 4096 5120 5120
1 8192 17408 5120
1 4096 5120 17408
1 4096 5120 5120
1 4096 1024 5120
1 4096 1024 5120
40 4096 4096 128
40 4096 128 4096
1 4096 5120 5120
1 8192 17408 5120
1 4096 5120 17408
1 4096 5120 5120
1 4096 1024 5120
1 4096 1024 5120
40 4096 4096 128
40 4096 128 4096
1 4096 5120 5120
1 8192 17408 5120
1 4096 5120 17408
1 4096 151936 5120
