1 1024 5120 5120
1 1024 1024 5120
1 1024 1024 5120
40 1024 1024 128
40 1024 128 1024
1 1024 5120 5120
1 2048 17408 5120
1 1024 5120 17408
1 1024 5120 5120
1 1024 1024 5120
1 1024 1024 5120
40 1024 1024 128
40 1024 128 1024
1 1024 5120 5120
1 2048 17408 5120
1 1024 5120 17408
1 1024 5120 5120
1 1024 1024 5120
1 1024 1024 5120
40 1024 1024 128
40 1024 128 1024
1 1024 5120 5120
1 2048 17408 5120
1 1024 5120 17408
1 1024 5120 5120
1 1024 1024 5120
1 1024 1024 5120
40 1024 1024 128
40 1024 128 1024
1 1024 5120 5120
1 2048 17408 5120
1 1024 5120 17408
1 1024 5120 5120
1 1024 1024 5120
1 1024 1024 5120
40 1024 1024 128
40 1024 128 1024
1 1024 5120 5120
1 2048 17408 5120
1 1024 5120 17408
1 1024 5120 5120
1 1024 1024 5120
1 1024 1024 5120
40 1024 1024 128
40 1024 128 1024
1 1024 5120 5120
1 2048 17408 5120
1 1024 5120 17408
1 1024 5120 5120
1 1024 1024 5120
1 1024 1024 5120
40 1024 1024 128
40 1024 128 1024
1 1024 5120 5120
1 2048 17408 5120
1 1024 5120 17408
1 1024 5120 5120
1 1024 1024 5120
1 1024 1024 5120
40 1024 1024 128
40 1024 128 1024
1 1024 5120 5120
1 2048 17408 5120
1 1024 5120 17408
1 1024 5120 5120
1 1024 1024 5120
1 1024 1024 5120
40 1024 1024 128
40 1024 128 1024
1 1024 5120 5120
1 2048 17408 5120
1 1024 5120 17408
1 1024 5120 5120
1 1024 1024 5120
1 1024 1024 5120
40 1024 1024 128
40 1024 128 1024
1 1024 5120 5120
1 2048 17408 5120
1 1024 5120 17408
1 1024 5120 5120
1 1024 1024 5120
1 1024 1024 5120
40 1024 1024 128
40 1024 128 1024
1 1024 5120 5120
1 2048 17408 5120
1 1024 5120 17408
1 1024 5120 5120
1 1024 1024 5120
1 1024 1024 5120
40 1024 1024 128
40 1024 128 1024
1 1024 5120 5120
1 2048 17408 5120
1 1024 5120 17408
1 1024 5120 5120
1 1024 1024 5120
1 1024 1024 5120
40 1024 1024 128
40 1024 128 1024
1 1024 5120 5120
1 2048 17408 5120
1 1024 5120 17408
1 1024 5120 5120
1 1024 1024 5120
1 1024 1024 5120
40 1024 1024 128
40 1024 128 1024
1 1024 5120 5120
1 2048 17408 5120
1 1024 5120 17408
1 1024 5120 5120
1 1024 1024 5120
1 1024 1024 5120
40 1024 1024 128
40 1024 128 1024
1 1024 5120 5120
1 2048 17408 5120
1 1024 5120 17408
1 1024 5120 5120
1 1024 1024 5120
1 1024 1024 5120
40 1024 1024 128
40 1024 128 1024
1 1024 5120 5120
1 2048 17408 5120
1 1024 5120 17408
1 1024 5120 5120
1 1024 1024 5120
1 1024 1024 5120
40 1024 1024 128
40 1024 128 1024
1 1024 5120 5120
1 2048 17408 5120
1 1024 5120 17408
1 1024 5120 5120
1 1024 1024 5120
1 1024 1024 5120
40 1024 1024 128
40 1024 128 1024
1 1024 5120 5120
1 2048 17408 5120
1 1024 5120 17408
1 1024 5120 5120
1 1024 1024 5120
1 1024 1024 5120
40 1024 1024 128
40 1024 128 1024
1 1024 5120 5120
1 2048 17408 5120
1 1024 5120 17408
1 1024 5120 5120
1 1024 1024 5120
1 1024 1024 5120
40 1024 1024 128
40 1024 128 1024
1 1024 5120 5120
1 2048 17408 5120
1 1024 5120 17408
1 1024 5120 5120
1 1024 1024 5120
1 1024 1024 5120
40 1024 1024 128
40 1024 128 1024
1 1024 5120 5120
1 2048 17408 5120
1 1024 5120 17408
1 1024 5120 5120
1 1024 1024 5120
1 1024 1024 5120
40 1024 1024 128
40 1024 128 1024
1 1024 5120 5120
1 2048 17408 5120
1 1024 5120 17408
1 1024 5120 5120
1 1024 1024 5120
1 1024 1024 5120
40 1024 1024 128
40 1024 128 1024
1 1024 5120 5120
1 2048 17408 5120
1 1024 5120 17408
1 1024 5120 5120
1 1024 1024 5120
1 1024 1024 5120
40 1024 1024 128
40 1024 128 1024
1 1024 5120 5120
1 2048 17408 5120
1 1024 5120 17408
1 1024 5120 5120
1 1024 1024 5120
1 1024 1024 5120
40 1024 1024 128
40 1024 128 1024
1 1024 5120 5120
1 2048 17408 5120
1 1024 5120 17408
1 1024 5120 5120
1 1024 1024 5120
1 1024 1024 5120
40 1024 1024 128
40 1024 128 1024
1 1024 5120 5120
1 2048 17408 5120
1 1024 5120 17408
1 1024 5120 5120
1 1024 1024 5120
1 1024 1024 5120
40 1024 1024 128
40 1024 128 1024
1 1024 5120 5120
1 2048 17408 5120
1 1024 5120 17408
1 1024 5120 5120
1 1024 1024 5120
1 1024 1024 5120
40 1024 1024 128
40 1024 128 1024
1 1024 5120 5120
1 2048 17408 5120
1 1024 5120 17408
1 1024 5120 5120
1 1024 1024 5120
1 1024 1024 5120
40 1024 1024 128
40 1024 128 1024
1 1024 5120 5120
1 2048 17408 5120
1 1024 5120 17408
1 1024 5120 5120
1 1024 1024 5120
1 1024 1024 5120
40 1024 1024 128
40 1024 128 1024
1 1024 5120 5120
1 2048 17408 5120
1 1024 5120 17408
1 1024 5120 5120
1 1024 1024 5120
1 1024 1024 5120
40 1024 1024 128
40 1024 128 1024
1 1024 5120 5120
1 2048 17408 5120
1 1024 5120 17408
1 1024 5120 5120
1 1024 1024 5120
1 1024 1024 5120
40 1024 1024 128
40 1024 128 1024
1 1024 5120 5120
1 2048 17408 5120
1 1024 5120 17408
1 1024 5120 5120
1 1024 1024 5120
1 1024 1024 5120
40 1024 1024 128
40 1024 128 1024
1 1024 5120 5120
1 2048 17408 5120
1 1024 5120 17408
1 1024 5120 5120
1 1024 1024 5120
1 1024 1024 5120
40 1024 1024 128
40 1024 128 1024
1 1024 5120 5120
1 2048 17408 5120
1 1024 5120 17408
1 1024 5120 5120
1 1024 1024 5120
1 1024 1024 5120
40 1024 1024 128
40 1024 128 1024
1 1024 5120 5120
1 2048 17408 5120
1 1024 5120 17408
1 1024 5120 5120
1 1024 1024 5120
1 1024 1024 5120
40 1024 1024 128
40 1024 128 1024
1 1024 5120 5120
1 2048 17408 5120
1 1024 5120 17408
1 1024 5120 5120
1 1024 1024 5120
1 1024 1024 5120
40 1024 1024 128
40 1024 128 1024
1 1024 5120 5120
1 2048 17408 5120
1 1024 5120 17408
1 1024 5120 5120
1 1024 1024 5120
1 1024 1024 5120
40 1024 1024 128
40 1024 128 1024
1 1024 5120 5120
1 2048 17408 5120
1 1024 5120 17408
1 1024 5120 5120
1 1024 1024 5120
1 1024 1024 5120
40 1024 1024 128
40 1024 128 1024
1 1024 5120 5120
1 2048 17408 5120
1 1024 5120 17408
1 1024 5120 5120
1 1024 1024 5120
1 1024 1024 5120
40 1024 1024 128
40 1024 128 1024
1 1024 5120 5120
1 2048 17408 5120
1 1024 5120 17408
1 1024 151936 5120
