8 1 5120 5120
8 1 1024 5120
8 1 1024 5120
320 1 2048 128
320 1 128 2048
8 1 5120 5120
8 2 17408 5120
8 1 5120 17408
8 1 5120 5120
8 1 1024 5120
8 1 1024 5120
320 1 2048 128
320 1 128 2048
8 1 5120 5120
8 2 17408 5120
8 1 5120 17408
8 1 5120 5120
8 1 1024 5120
8 1 1024 5120
320 1 2048 128
320 1 128 2048
8 1 5120 5120
8 2 17408 5120
8 1 5120 17408
8 1 5120 5120
8 1 1024 5120
8 1 1024 5120
320 1 2048 128
320 1 128 2048
8 1 5120 5120
8 2 17408 5120
8 1 5120 17408
8 1 5120 5120
8 1 1024 5120
8 1 1024 5120
320 1 2048 128
320 1 128 2048
8 1 5120 5120
8 2 17408 5120
8 1 5120 17408
8 1 5120 5120
8 1 1024 5120
8 1 1024 5120
320 1 2048 128
320 1 128 2048
8 1 5120 5120
8 2 17408 5120
8 1 5120 17408
8 1 5120 5120
8 1 1024 5120
8 1 1024 5120
320 1 2048 128
320 1 128 2048
8 1 5120 5120
8 2 17408 5120
8 1 5120 17408
8 1 5120 5120
8 1 1024 5120
8 1 1024 5120
320 1 2048 128
320 1 128 2048
8 1 5120 5120
8 2 17408 5120
8 1 5120 17408
8 1 5120 5120
8 1 1024 5120
8 1 1024 5120
320 1 2048 128
320 1 128 2048
8 1 5120 5120
8 2 17408 5120
8 1 5120 17408
8 1 5120 5120
8 1 1024 5120
8 1 1024 5120
320 1 2048 128
320 1 128 2048
8 1 5120 5120
8 2 17408 5120
8 1 5120 17408
8 1 5120 5120
8 1 1024 5120
8 1 1024 5120
320 1 2048 128
320 1 128 2048
8 1 5120 5120
8 2 17408 5120
8 1 5120 17408
8 1 5120 5120
8 1 1024 5120
8 1 1024 5120
320 1 2048 128
320 1 128 2048
8 1 5120 5120
8 2 17408 5120
8 1 5120 17408
8 1 5120 5120
8 1 1024 5120
8 1 1024 5120
320 1 2048 128
320 1 128 2048
8 1 5120 5120
8 2 17408 5120
8 1 5120 17408
8 1 5120 5120
8 1 1024 5120
8 1 1024 5120
320 1 2048 128
320 1 128 2048
8 1 5120 5120
8 2 17408 5120
8 1 5120 17408
8 1 5120 5120
8 1 1024 5120
8 1 1024 5120
320 1 2048 128
320 1 128 2048
8 1 5120 5120
8 2 17408 5120
8 1 5120 17408
8 1 5120 5120
8 1 1024 5120
8 1 1024 5120
320 1 2048 128
320 1 128 2048
8 1 5120 5120
8 2 17408 5120
8 1 5120 17408
8 1 5120 5120
8 1 1024 5120
8 1 1024 5120
320 1 2048 128
320 1 128 2048
8 1 5120 5120
8 2 17408 5120
8 1 5120 17408
8 1 5120 5120
8 1 1024 5120
8 1 1024 5120
320 1 2048 128
320 1 128 2048
8 1 5120 5120
8 2 17408 5120
8 1 5120 17408
8 1 5120 5120
8 1 1024 5120
8 1 1024 5120
320 1 2048 128
320 1 128 2048
8 1 5120 5120
8 2 17408 5120
8 1 5120 17408
8 1 5120 5120
8 1 1024 5120
8 1 1024 5120
320 1 2048 128
320 1 128 2048
8 1 5120 5120
8 2 17408 5120
8 1 5120 17408
8 1 5120 5120
8 1 1024 5120
8 1 1024 5120
320 1 2048 128
320 1 128 2048
8 1 5120 5120
8 2 17408 5120
8 1 5120 17408
8 1 5120 5120
8 1 1024 5120
8 1 1024 5120
320 1 2048 128
320 1 128 2048
8 1 5120 5120
8 2 17408 5120
8 1 5120 17408
8 1 5120 5120
8 1 1024 5120
8 1 1024 5120
320 1 2048 128
320 1 128 2048
8 1 5120 5120
8 2 17408 5120
8 1 5120 17408
8 1 5120 5120
8 1 1024 5120
8 1 1024 5120
320 1 2048 128
320 1 128 2048
8 1 5120 5120
8 2 17408 5120
8 1 5120 17408
8 1 5120 5120
8 1 1024 5120
8 1 1024 5120
320 1 2048 128
320 1 128 2048
8 1 5120 5120
8 2 17408 5120
8 1 5120 17408
8 1 5120 5120
8 1 1024 5120
8 1 1024 5120
320 1 2048 128
320 1 128 2048
8 1 5120 5120
8 2 17408 5120
8 1 5120 17408
8 1 5120 5120
8 1 1024 5120
8 1 1024 5120
320 1 2048 128
320 1 128 2048
8 1 5120 5120
8 2 17408 5120
8 1 5120 17408
8 1 5120 5120
8 1 1024 5120
8 1 1024 5120
320 1 2048 128
320 1 128 2048
8 1 5120 5120
8 2 17408 5120
8 1 5120 17408
8 1 5120 5120
8 1 1024 5120
8 1 1024 5120
320 1 2048 128
320 1 128 2048
8 1 5120 5120
8 2 17408 5120
8 1 5120 17408
8 1 5120 5120
8 1 1024 5120
8 1 1024 5120
320 1 2048 128
320 1 128 2048
8 1 5120 5120
8 2 17408 5120
8 1 5120 17408
8 1 5120 5120
8 1 1024 5120
8 1 1024 5120
320 1 2048 128
320 1 128 2048
8 1 5120 5120
8 2 17408 5120
8 1 5120 17408
8 1 5120 5120
8 1 1024 5120
8 1 1024 5120
320 1 2048 128
320 1 128 2048
8 1 5120 5120
8 2 17408 5120
8 1 5120 17408
8 1 5120 5120
8 1 1024 5120
8 1 1024 5120
320 1 2048 128
320 1 128 2048
8 1 5120 5120
8 2 17408 5120
8 1 5120 17408
8 1 5120 5120
8 1 1024 5120
8 1 1024 5120
320 1 2048 128
320 1 128 2048
8 1 5120 5120
8 2 17408 5120
8 1 5120 17408
8 1 5120 5120
8 1 1024 5120
8 1 1024 5120
320 1 2048 128
320 1 128 2048
8 1 5120 5120
8 2 17408 5120
8 1 5120 17408
8 1 5120 5120
8 1 1024 5120
8 1 1024 5120
320 1 2048 128
320 1 128 2048
8 1 5120 5120
8 2 17408 5120
8 1 5120 17408
8 1 5120 5120
8 1 1024 5120
8 1 1024 5120
320 1 2048 128
320 1 128 2048
8 1 5120 5120
8 2 17408 5120
8 1 5120 17408
8 1 5120 5120
8 1 1024 5120
8 1 1024 5120
320 1 2048 128
320 1 128 2048
8 1 5120 5120
8 2 17408 5120
8 1 5120 17408
8 1 5120 5120
8 1 1024 5120
8 1 1024 5120
320 1 2048 128
320 1 128 2048
8 1 5120 5120
8 2 17408 5120
8 1 5120 17408
8 1 5120 5120
8 1 1024 5120
8 1 1024 5120
320 1 2048 128
320 1 128 2048
8 1 5120 5120
8 2 17408 5120
8 1 5120 17408
8 1 151936 5120
