1 128 5120 5120
1 128 1024 5120
1 128 1024 5120
40 128 128 128
40 128 128 128
1 128 5120 5120
1 256 17408 5120
1 128 5120 17408
1 128 5120 5120
1 128 1024 5120
1 128 1024 5120
40 128 128 128
40 128 128 128
1 128 5120 5120
1 256 17408 5120
1 128 5120 17408
1 128 5120 5120
1 128 1024 5120
1 128 1024 5120
40 128 128 128
40 128 128 128
1 128 5120 5120
1 256 17408 5120
1 128 5120 17408
1 128 5120 5120
1 128 1024 5120
1 128 1024 5120
40 128 128 128
40 128 128 128
1 128 5120 5120
1 256 17408 5120
1 128 5120 17408
1 128 5120 5120
1 128 1024 5120
1 128 1024 5120
40 128 128 128
40 128 128 128
1 128 5120 5120
1 256 17408 5120
1 128 5120 17408
1 128 5120 5120
1 128 1024 5120
1 128 1024 5120
40 128 128 128
40 128 128 128
1 128 5120 5120
1 256 17408 5120
1 128 5120 17408
1 128 5120 5120
1 128 1024 5120
1 128 1024 5120
40 128 128 128
40 128 128 128
1 128 5120 5120
1 256 17408 5120
1 128 5120 17408
1 128 5120 5120
1 128 1024 5120
1 128 1024 5120
40 128 128 128
40 128 128 128
1 128 5120 5120
1 256 17408 5120
1 128 5120 17408
1 128 5120 5120
1 128 1024 5120
1 128 1024 5120
40 128 128 128
40 128 128 128
1 128 5120 5120
1 256 17408 5120
1 128 5120 17408
1 128 5120 5120
1 128 1024 5120
1 128 1024 5120
40 128 128 128
40 128 128 128
1 128 5120 5120
1 256 17408 5120
1 128 5120 17408
1 128 5120 5120
1 128 1024 5120
1 128 1024 5120
40 128 128 128
40 128 128 128
1 128 5120 5120
1 256 17408 5120
1 128 5120 17408
1 128 5120 5120
1 128 1024 5120
1 128 1024 5120
40 128 128 128
40 128 128 128
1 128 5120 5120
1 256 17408 5120
1 128 5120 17408
1 128 5120 5120
1 128 1024 5120
1 128 1024 5120
40 128 128 128
40 128 128 128
1 128 5120 5120
1 256 17408 5120
1 128 5120 17408
1 128 5120 5120
1 128 1024 5120
1 128 1024 5120
40 128 128 128
40 128 128 128
1 128 5120 5120
1 256 17408 5120
1 128 5120 17408
1 128 5120 5120
1 128 1024 5120
1 128 1024 5120
40 128 128 128
40 128 128 128
1 128 5120 5120
1 256 17408 5120
1 128 5120 17408
1 128 5120 5120
1 128 1024 5120
1 128 1024 5120
40 128 128 128
40 128 128 128
1 128 5120 5120
1 256 17408 5120
1 128 5120 17408
1 128 5120 5120
1 128 1024 5120
1 128 1024 5120
40 128 128 128
40 128 128 128
1 128 5120 5120
1 256 17408 5120
1 128 5120 17408
1 128 5120 5120
1 128 1024 5120
1 128 1024 5120
40 128 128 128
40 128 128 128
1 128 5120 5120
1 256 17408 5120
1 128 5120 17408
1 128 5120 5120
1 128 1024 5120
1 128 1024 5120
40 128 128 128
40 128 128 128
1 128 5120 5120
1 256 17408 5120
1 128 5120 17408
1 128 5120 5120
1 128 1024 5120
1 128 1024 5120
40 128 128 128
40 128 128 128
1 128 5120 5120
1 256 17408 5120
1 128 5120 17408
1 128 5120 5120
1 128 1024 5120
1 128 1024 5120
40 128 128 128
40 128 128 128
1 128 5120 5120
1 256 17408 5120
1 128 5120 17408
1 128 5120 5120
1 128 1024 5120
1 128 1024 5120
40 128 128 128
40 128 128 128
1 128 5120 5120
1 256 17408 5120
1 128 5120 17408
1 128 5120 5120
1 128 1024 5120
1 128 1024 5120
40 128 128 128
40 128 128 128
1 128 5120 5120
1 256 17408 5120
1 128 5120 17408
1 128 5120 5120
1 128 1024 5120
1 128 1024 5120
40 128 128 128
40 128 128 128
1 128 5120 5120
1 256 17408 5120
1 128 5120 17408
1 128 5120 5120
1 128 1024 5120
1 128 1024 5120
40 128 128 128
40 128 128 128
1 128 5120 5120
1 256 17408 5120
1 128 5120 17408
1 128 5120 5120
1 128 1024 5120
1 128 1024 5120
40 128 128 128
40 128 128 128
1 128 5120 5120
1 256 17408 5120
1 128 5120 17408
1 128 5120 5120
1 128 1024 5120
1 128 1024 5120
40 128 128 128
40 128 128 128
1 128 5120 5120
1 256 17408 5120
1 128 5120 17408
1 128 5120 5120
1 128 1024 5120
1 128 1024 5120
40 128 128 128
40 128 128 128
1 128 5120 5120
1 256 17408 5120
1 128 5120 17408
1 128 5120 5120
1 128 1024 5120
1 128 1024 5120
40 128 128 128
40 128 128 128
1 128 5120 5120
1 256 17408 5120
1 128 5120 17408
1 128 5120 5120
1 128 1024 5120
1 128 1024 5120
40 128 128 128
40 128 128 128
1 128 5120 5120
1 256 17408 5120
1 128 5120 17408
1 128 5120 5120
1 128 1024 5120
1 128 1024 5120
40 128 128 128
40 128 128 128
1 128 5120 5120
1 256 17408 5120
1 128 5120 17408
1 128 5120 5120
1 128 1024 5120
1 128 1024 5120
40 128 128 128
40 128 128 128
1 128 5120 5120
1 256 17408 5120
1 128 5120 17408
1 128 5120 5120
1 128 1024 5120
1 128 1024 5120
40 128 128 128
40 128 128 128
1 128 5120 5120
1 256 17408 5120
1 128 5120 17408
1 128 5120 5120
1 128 1024 5120
1 128 1024 5120
40 128 128 128
40 128 128 128
1 128 5120 5120
1 256 17408 5120
1 128 5120 17408
1 128 5120 5120
1 128 1024 5120
1 128 1024 5120
40 128 128 128
40 128 128 128
1 128 5120 5120
1 256 17408 5120
1 128 5120 17408
1 128 5120 5120
1 128 1024 5120
1 128 1024 5120
40 128 128 128
40 128 128 128
1 128 5120 5120
1 256 17408 5120
1 128 5120 17408
1 128 5120 5120
1 128 1024 5120
1 128 1024 5120
40 128 128 128
40 128 128 128
1 128 5120 5120
1 256 17408 5120
1 128 5120 17408
1 128 5120 5120
1 128 1024 5120
1 128 1024 5120
40 128 128 128
40 128 128 128
1 128 5120 5120
1 256 17408 5120
1 128 5120 17408
1 128 5120 5120
1 128 1024 5120
1 128 1024 5120
40 128 128 128
40 128 128 128
1 128 5120 5120
1 256 17408 5120
1 128 5120 17408
1 128 5120 5120
1 128 1024 5120
1 128 1024 5120
40 128 128 128
40 128 128 128
1 128 5120 5120
1 256 17408 5120
1 128 5120 17408
1 128 151936 5120
