1 1 5120 5120
1 1 1024 5120
1 1 1024 5120
40 1 2048 128
40 1 128 2048
1 1 5120 5120
1 2 17408 5120
1 1 5120 17408
1 1 5120 5120
1 1 1024 5120
1 1 1024 5120
40 1 2048 128
40 1 128 2048
1 1 5120 5120
1 2 17408 5120
1 1 5120 17408
1 1 5120 5120
1 1 1024 5120
1 1 1024 5120
40 1 2048 128
40 1 128 2048
1 1 5120 5120
1 2 17408 5120
1 1 5120 17408
1 1 5120 5120
1 1 1024 5120
1 1 1024 5120
40 1 2048 128
40 1 128 2048
1 1 5120 5120
1 2 17408 5120
1 1 5120 17408
1 1 5120 5120
1 1 1024 5120
1 1 1024 5120
40 1 2048 128
40 1 128 2048
1 1 5120 5120
1 2 17408 5120
1 1 5120 17408
1 1 5120 5120
1 1 1024 5120
1 1 1024 5120
40 1 2048 128
40 1 128 2048
1 1 5120 5120
1 2 17408 5120
1 1 5120 17408
1 1 5120 5120
1 1 1024 5120
1 1 1024 5120
40 1 2048 128
40 1 128 2048
1 1 5120 5120
1 2 17408 5120
1 1 5120 17408
1 1 5120 5120
1 1 1024 5120
1 1 1024 5120
40 1 2048 128
40 1 128 2048
1 1 5120 5120
1 2 17408 5120
1 1 5120 17408
1 1 5120 5120
1 1 1024 5120
1 1 1024 5120
40 1 2048 128
40 1 128 2048
1 1 5120 5120
1 2 17408 5120
1 1 5120 17408
1 1 5120 5120
1 1 1024 5120
1 1 1024 5120
40 1 2048 128
40 1 128 2048
1 1 5120 5120
1 2 17408 5120
1 1 5120 17408
1 1 5120 5120
1 1 1024 5120
1 1 1024 5120
40 1 2048 128
40 1 128 2048
1 1 5120 5120
1 2 17408 5120
1 1 5120 17408
1 1 5120 5120
1 1 1024 5120
1 1 1024 5120
40 1 2048 128
40 1 128 2048
1 1 5120 5120
1 2 17408 5120
1 1 5120 17408
1 1 5120 5120
1 1 1024 5120
1 1 1024 5120
40 1 2048 128
40 1 128 2048
1 1 5120 5120
1 2 17408 5120
1 1 5120 17408
1 1 5120 5120
1 1 1024 5120
1 1 1024 5120
40 1 2048 128
40 1 128 2048
1 1 5120 5120
1 2 17408 5120
1 1 5120 17408
1 1 5120 5120
1 1 1024 5120
1 1 1024 5120
40 1 2048 128
40 1 128 2048
1 1 5120 5120
1 2 17408 5120
1 1 5120 17408
1 1 5120 5120
1 1 1024 5120
1 1 1024 5120
40 1 2048 128
40 1 128 2048
1 1 5120 5120
1 2 17408 5120
1 1 5120 17408
1 1 5120 5120
1 1 1024 5120
1 1 1024 5120
40 1 2048 128
40 1 128 2048
1 1 5120 5120
1 2 17408 5120
1 1 5120 17408
1 1 5120 5120
1 1 1024 5120
1 1 1024 5120
40 1 2048 128
40 1 128 2048
1 1 5120 5120
1 2 17408 5120
1 1 5120 17408
1 1 5120 5120
1 1 1024 5120
1 1 1024 5120
40 1 2048 128
40 1 128 2048
1 1 5120 5120
1 2 17408 5120
1 1 5120 17408
1 1 5120 5120
1 1 1024 5120
1 1 1024 5120
40 1 2048 128
40 1 128 2048
1 1 5120 5120
1 2 17408 5120
1 1 5120 17408
1 1 5120 5120
1 1 1024 5120
1 1 1024 5120
40 1 2048 128
40 1 128 2048
1 1 5120 5120
1 2 17408 5120
1 1 5120 17408
1 1 5120 5120
1 1 1024 5120
1 1 1024 5120
40 1 2048 128
40 1 128 2048
1 1 5120 5120
1 2 17408 5120
1 1 5120 17408
1 1 5120 5120
1 1 1024 5120
1 1 1024 5120
40 1 2048 128
40 1 128 2048
1 1 5120 5120
1 2 17408 5120
1 1 5120 17408
1 1 5120 5120
1 1 1024 5120
1 1 1024 5120
40 1 2048 128
40 1 128 2048
1 1 5120 5120
1 2 17408 5120
1 1 5120 17408
1 1 5120 5120
1 1 1024 5120
1 1 1024 5120
40 1 2048 128
40 1 128 2048
1 1 5120 5120
1 2 17408 5120
1 1 5120 17408
1 1 5120 5120
1 1 1024 5120
1 1 1024 5120
40 1 2048 128
40 1 128 2048
1 1 5120 5120
1 2 17408 5120
1 1 5120 17408
1 1 5120 5120
1 1 1024 5120
1 1 1024 5120
40 1 2048 128
40 1 128 2048
1 1 5120 5120
1 2 17408 5120
1 1 5120 17408
1 1 5120 5120
1 1 1024 5120
1 1 1024 5120
40 1 2048 128
40 1 128 2048
1 1 5120 5120
1 2 17408 5120
1 1 5120 17408
1 1 5120 5120
1 1 1024 5120
1 1 1024 5120
40 1 2048 128
40 1 128 2048
1 1 5120 5120
1 2 17408 5120
1 1 5120 17408
1 1 5120 5120
1 1 1024 5120
1 1 1024 5120
40 1 2048 128
40 1 128 2048
1 1 5120 5120
1 2 17408 5120
1 1 5120 17408
1 1 5120 5120
1 1 1024 5120
1 1 1024 5120
40 1 2048 128
40 1 128 2048
1 1 5120 5120
1 2 17408 5120
1 1 5120 17408
1 1 5120 5120
1 1 1024 5120
1 1 1024 5120
40 1 2048 128
40 1 128 2048
1 1 5120 5120
1 2 17408 5120
1 1 5120 17408
1 1 5120 5120
1 1 1024 5120
1 1 1024 5120
40 1 2048 128
40 1 128 2048
1 1 5120 5120
1 2 17408 5120
1 1 5120 17408
1 1 5120 5120
1 1 1024 5120
1 1 1024 5120
40 1 2048 128
40 1 128 2048
1 1 5120 5120
1 2 17408 5120
1 1 5120 17408
1 1 5120 5120
1 1 1024 5120
1 1 1024 5120
40 1 2048 128
40 1 128 2048
1 1 5120 5120
1 2 17408 5120
1 1 5120 17408
1 1 5120 5120
1 1 1024 5120
1 1 1024 5120
40 1 2048 128
40 1 128 2048
1 1 5120 5120
1 2 17408 5120
1 1 5120 17408
1 1 5120 5120
1 1 1024 5120
1 1 1024 5120
40 1 2048 128
40 1 128 2048
1 1 5120 5120
1 2 17408 5120
1 1 5120 17408
1 1 5120 5120
1 1 1024 5120
1 1 1024 5120
40 1 2048 128
40 1 128 2048
1 1 5120 5120
1 2 17408 5120
1 1 5120 17408
1 1 5120 5120
1 1 1024 5120
1 1 1024 5120
40 1 2048 128
40 1 128 2048
1 1 5120 5120
1 2 17408 5120
1 1 5120 17408
1 1 5120 5120
1 1 1024 5120
1 1 1024 5120
40 1 2048 128
40 1 128 2048
1 1 5120 5120
1 2 17408 5120
1 1 5120 17408
1 1 151936 5120
