32 1 5120 5120
32 1 1024 5120
32 1 1024 5120
1280 1 2048 128
1280 1 128 2048
32 1 5120 5120
32 2 17408 5120
32 1 5120 17408
32 1 5120 5120
32 1 1024 5120
32 1 1024 5120
1280 1 2048 128
1280 1 128 2048
32 1 5120 5120
32 2 17408 5120
32 1 5120 17408
32 1 5120 5120
32 1 1024 5120
32 1 1024 5120
1280 1 2048 128
1280 1 128 2048
32 1 5120 5120
32 2 17408 5120
32 1 5120 17408
32 1 5120 5120
32 1 1024 5120
32 1 1024 5120
1280 1 2048 128
1280 1 128 2048
32 1 5120 5120
32 2 17408 5120
32 1 5120 17408
32 1 5120 5120
32 1 1024 5120
32 1 1024 5120
1280 1 2048 128
1280 1 128 2048
32 1 5120 5120
32 2 17408 5120
32 1 5120 17408
32 1 5120 5120
32 1 1024 5120
32 1 1024 5120
1280 1 2048 128
1280 1 128 2048
32 1 5120 5120
32 2 17408 5120
32 1 5120 17408
32 1 5120 5120
32 1 1024 5120
32 1 1024 5120
1280 1 2048 128
1280 1 128 2048
32 1 5120 5120
32 2 17408 5120
32 1 5120 17408
32 1 5120 5120
32 1 1024 5120
32 1 1024 5120
1280 1 2048 128
1280 1 128 2048
32 1 5120 5120
32 2 17408 5120
32 1 5120 17408
32 1 5120 5120
32 1 1024 5120
32 1 1024 5120
1280 1 2048 128
1280 1 128 2048
32 1 5120 5120
32 2 17408 5120
32 1 5120 17408
32 1 5120 5120
32 1 1024 5120
32 1 1024 5120
1280 1 2048 128
1280 1 128 2048
32 1 5120 5120
32 2 17408 5120
32 1 5120 17408
32 1 5120 5120
32 1 1024 5120
32 1 1024 5120
1280 1 2048 128
1280 1 128 2048
32 1 5120 5120
32 2 17408 5120
32 1 5120 17408
32 1 5120 5120
32 1 1024 5120
32 1 1024 5120
1280 1 2048 128
1280 1 128 2048
32 1 5120 5120
32 2 17408 5120
32 1 5120 17408
32 1 5120 5120
32 1 1024 5120
32 1 1024 5120
1280 1 2048 128
1280 1 128 2048
32 1 5120 5120
32 2 17408 5120
32 1 5120 17408
32 1 5120 5120
32 1 1024 5120
32 1 1024 5120
1280 1 2048 128
1280 1 128 2048
32 1 5120 5120
32 2 17408 5120
32 1 5120 17408
32 1 5120 5120
32 1 1024 5120
32 1 1024 5120
1280 1 2048 128
1280 1 128 2048
32 1 5120 5120
32 2 17408 5120
32 1 5120 17408
32 1 5120 5120
32 1 1024 5120
32 1 1024 5120
1280 1 2048 128
1280 1 128 2048
32 1 5120 5120
32 2 17408 5120
32 1 5120 17408
32 1 5120 5120
32 1 1024 5120
32 1 1024 5120
1280 1 2048 128
1280 1 128 2048
32 1 5120 5120
32 2 17408 5120
32 1 5120 17408
32 1 5120 5120
32 1 1024 5120
32 1 1024 5120
1280 1 2048 128
1280 1 128 2048
32 1 5120 5120
32 2 17408 5120
32 1 5120 17408
32 1 5120 5120
32 1 1024 5120
32 1 1024 5120
1280 1 2048 128
1280 1 128 2048
32 1 5120 5120
32 2 17408 5120
32 1 5120 17408
32 1 5120 5120
32 1 1024 5120
32 1 1024 5120
1280 1 2048 128
1280 1 128 2048
32 1 5120 5120
32 2 17408 5120
32 1 5120 17408
32 1 5120 5120
32 1 1024 5120
32 1 1024 5120
1280 1 2048 128
1280 1 128 2048
32 1 5120 5120
32 2 17408 5120
32 1 5120 17408
32 1 5120 5120
32 1 1024 5120
32 1 1024 5120
1280 1 2048 128
1280 1 128 2048
32 1 5120 5120
32 2 17408 5120
32 1 5120 17408
32 1 5120 5120
32 1 1024 5120
32 1 1024 5120
1280 1 2048 128
1280 1 128 2048
32 1 5120 5120
32 2 17408 5120
32 1 5120 17408
32 1 5120 5120
32 1 1024 5120
32 1 1024 5120
1280 1 2048 128
1280 1 128 2048
32 1 5120 5120
32 2 17408 5120
32 1 5120 17408
32 1 5120 5120
32 1 1024 5120
32 1 1024 5120
1280 1 2048 128
1280 1 128 2048
32 1 5120 5120
32 2 17408 5120
32 1 5120 17408
32 1 5120 5120
32 1 1024 5120
32 1 1024 5120
1280 1 2048 128
1280 1 128 2048
32 1 5120 5120
32 2 17408 5120
32 1 5120 17408
32 1 5120 5120
32 1 1024 5120
32 1 1024 5120
1280 1 2048 128
1280 1 128 2048
32 1 5120 5120
32 2 17408 5120
32 1 5120 17408
32 1 5120 5120
32 1 1024 5120
32 1 1024 5120
1280 1 2048 128
1280 1 128 2048
32 1 5120 5120
32 2 17408 5120
32 1 5120 17408
32 1 5120 5120
32 1 1024 5120
32 1 1024 5120
1280 1 2048 128
1280 1 128 2048
32 1 5120 5120
32 2 17408 5120
32 1 5120 17408
32 1 5120 5120
32 1 1024 5120
32 1 1024 5120
1280 1 2048 128
1280 1 128 2048
32 1 5120 5120
32 2 17408 5120
32 1 5120 17408
32 1 5120 5120
32 1 1024 5120
32 1 1024 5120
1280 1 2048 128
1280 1 128 2048
32 1 5120 5120
32 2 17408 5120
32 1 5120 17408
32 1 5120 5120
32 1 1024 5120
32 1 1024 5120
1280 1 2048 128
1280 1 128 2048
32 1 5120 5120
32 2 17408 5120
32 1 5120 17408
32 1 5120 5120
32 1 1024 5120
32 1 1024 5120
1280 1 2048 128
1280 1 128 2048
32 1 5120 5120
32 2 17408 5120
32 1 5120 17408
32 1 5120 5120
32 1 1024 5120
32 1 1024 5120
1280 1 2048 128
1280 1 128 2048
32 1 5120 5120
32 2 17408 5120
32 1 5120 17408
32 1 5120 5120
32 1 1024 5120
32 1 1024 5120
1280 1 2048 128
1280 1 128 2048
32 1 5120 5120
32 2 17408 5120
32 1 5120 17408
32 1 5120 5120
32 1 1024 5120
32 1 1024 5120
1280 1 2048 128
1280 1 128 2048
32 1 5120 5120
32 2 17408 5120
32 1 5120 17408
32 1 5120 5120
32 1 1024 5120
32 1 1024 5120
1280 1 2048 128
1280 1 128 2048
32 1 5120 5120
32 2 17408 5120
32 1 5120 17408
32 1 5120 5120
32 1 1024 5120
32 1 1024 5120
1280 1 2048 128
1280 1 128 2048
32 1 5120 5120
32 2 17408 5120
32 1 5120 17408
32 1 5120 5120
32 1 1024 5120
32 1 1024 5120
1280 1 2048 128
1280 1 128 2048
32 1 5120 5120
32 2 17408 5120
32 1 5120 17408
32 1 5120 5120
32 1 1024 5120
32 1 1024 5120
1280 1 2048 128
1280 1 128 2048
32 1 5120 5120
32 2 17408 5120
32 1 5120 17408
32 1 151936 5120
