1 1500 512 240
1 750 512 1536
1 2250 512 512
8 750 750 64
8 750 64 750
1 750 512 512
1 750 2048 512
1 750 512 2048
1 2250 512 512
8 750 750 64
8 750 64 750
1 750 512 512
1 750 2048 512
1 750 512 2048
1 2250 512 512
8 750 750 64
8 750 64 750
1 750 512 512
1 750 2048 512
1 750 512 2048
1 2250 512 512
8 750 750 64
8 750 64 750
1 750 512 512
1 750 2048 512
1 750 512 2048
1 2250 512 512
8 750 750 64
8 750 64 750
1 750 512 512
1 750 2048 512
1 750 512 2048
1 2250 512 512
8 750 750 64
8 750 64 750
1 750 512 512
1 750 2048 512
1 750 512 2048
1 192 512 512
8 64 64 64
8 64 64 64
1 64 512 512
1 1564 512 512
8 64 750 64
8 64 64 750
1 64 512 512
1 64 2048 512
1 64 512 2048
1 192 512 512
8 64 64 64
8 64 64 64
1 64 512 512
1 1564 512 512
8 64 750 64
8 64 64 750
1 64 512 512
1 64 2048 512
1 64 512 2048
1 192 512 512
8 64 64 64
8 64 64 64
1 64 512 512
1 1564 512 512
8 64 750 64
8 64 64 750
1 64 512 512
1 64 2048 512
1 64 512 2048
1 192 512 512
8 64 64 64
8 64 64 64
1 64 512 512
1 1564 512 512
8 64 750 64
8 64 64 750
1 64 512 512
1 64 2048 512
1 64 512 2048
1 192 512 512
8 64 64 64
8 64 64 64
1 64 512 512
1 1564 512 512
8 64 750 64
8 64 64 750
1 64 512 512
1 64 2048 512
1 64 512 2048
1 192 512 512
8 64 64 64
8 64 64 64
1 64 512 512
1 1564 512 512
8 64 750 64
8 64 64 750
1 64 512 512
1 64 2048 512
1 64 512 2048
1 64 51865 512
