1 3000 512 240
1 1500 512 1536
1 4500 512 512
8 1500 1500 64
8 1500 64 1500
1 1500 512 512
1 1500 2048 512
1 1500 512 2048
1 4500 512 512
8 1500 1500 64
8 1500 64 1500
1 1500 512 512
1 1500 2048 512
1 1500 512 2048
1 4500 512 512
8 1500 1500 64
8 1500 64 1500
1 1500 512 512
1 1500 2048 512
1 1500 512 2048
1 4500 512 512
8 1500 1500 64
8 1500 64 1500
1 1500 512 512
1 1500 2048 512
1 1500 512 2048
1 4500 512 512
8 1500 1500 64
8 1500 64 1500
1 1500 512 512
1 1500 2048 512
1 1500 512 2048
1 4500 512 512
8 1500 1500 64
8 1500 64 1500
1 1500 512 512
1 1500 2048 512
1 1500 512 2048
1 192 512 512
8 64 64 64
8 64 64 64
1 64 512 512
1 3064 512 512
8 64 1500 64
8 64 64 1500
1 64 512 512
1 64 2048 512
1 64 512 2048
1 192 512 512
8 64 64 64
8 64 64 64
1 64 512 512
1 3064 512 512
8 64 1500 64
8 64 64 1500
1 64 512 512
1 64 2048 512
1 64 512 2048
1 192 512 512
8 64 64 64
8 64 64 64
1 64 512 512
1 3064 512 512
8 64 1500 64
8 64 64 1500
1 64 512 512
1 64 2048 512
1 64 512 2048
1 192 512 512
8 64 64 64
8 64 64 64
1 64 512 512
1 3064 512 512
8 64 1500 64
8 64 64 1500
1 64 512 512
1 64 2048 512
1 64 512 2048
1 192 512 512
8 64 64 64
8 64 64 64
1 64 512 512
1 3064 512 512
8 64 1500 64
8 64 64 1500
1 64 512 512
1 64 2048 512
1 64 512 2048
1 192 512 512
8 64 64 64
8 64 64 64
1 64 512 512
1 3064 512 512
8 64 1500 64
8 64 64 1500
1 64 512 512
1 64 2048 512
1 64 512 2048
1 64 51865 512
