1 500 512 240
1 250 512 1536
1 750 512 512
8 250 250 64
8 250 64 250
1 250 512 512
1 250 2048 512
1 250 512 2048
1 750 512 512
8 250 250 64
8 250 64 250
1 250 512 512
1 250 2048 512
1 250 512 2048
1 750 512 512
8 250 250 64
8 250 64 250
1 250 512 512
1 250 2048 512
1 250 512 2048
1 750 512 512
8 250 250 64
8 250 64 250
1 250 512 512
1 250 2048 512
1 250 512 2048
1 750 512 512
8 250 250 64
8 250 64 250
1 250 512 512
1 250 2048 512
1 250 512 2048
1 750 512 512
8 250 250 64
8 250 64 250
1 250 512 512
1 250 2048 512
1 250 512 2048
1 192 512 512
8 64 64 64
8 64 64 64
1 64 512 512
1 564 512 512
8 64 250 64
8 64 64 250
1 64 512 512
1 64 2048 512
1 64 512 2048
1 192 512 512
8 64 64 64
8 64 64 64
1 64 512 512
1 564 512 512
8 64 250 64
8 64 64 250
1 64 512 512
1 64 2048 512
1 64 512 2048
1 192 512 512
8 64 64 64
8 64 64 64
1 64 512 512
1 564 512 512
8 64 250 64
8 64 64 250
1 64 512 512
1 64 2048 512
1 64 512 2048
1 192 512 512
8 64 64 64
8 64 64 64
1 64 512 512
1 564 512 512
8 64 250 64
8 64 64 250
1 64 512 512
1 64 2048 512
1 64 512 2048
1 192 512 512
8 64 64 64
8 64 64 64
1 64 512 512
1 564 512 512
8 64 250 64
8 64 64 250
1 64 512 512
1 64 2048 512
1 64 512 2048
1 192 512 512
8 64 64 64
8 64 64 64
1 64 512 512
1 564 512 512
8 64 250 64
8 64 64 250
1 64 512 512
1 64 2048 512
1 64 512 2048
1 64 51865 512
