1 3 512 512
8 1 64 64
8 1 64 64
1 1 512 512
1 1 512 512
8 1 1500 64
8 1 64 1500
1 1 512 512
1 1 2048 512
1 1 512 2048
1 3 512 512
8 1 64 64
8 1 64 64
1 1 512 512
1 1 512 512
8 1 1500 64
8 1 64 1500
1 1 512 512
1 1 2048 512
1 1 512 2048
1 3 512 512
8 1 64 64
8 1 64 64
1 1 512 512
1 1 512 512
8 1 1500 64
8 1 64 1500
1 1 512 512
1 1 2048 512
1 1 512 2048
1 3 512 512
8 1 64 64
8 1 64 64
1 1 512 512
1 1 512 512
8 1 1500 64
8 1 64 1500
1 1 512 512
1 1 2048 512
1 1 512 2048
1 3 512 512
8 1 64 64
8 1 64 64
1 1 512 512
1 1 512 512
8 1 1500 64
8 1 64 1500
1 1 512 512
1 1 2048 512
1 1 512 2048
1 3 512 512
8 1 64 64
8 1 64 64
1 1 512 512
1 1 512 512
8 1 1500 64
8 1 64 1500
1 1 512 512
1 1 2048 512
1 1 512 2048
1 1 51865 512
