8 3 512 512
64 1 64 64
64 1 64 64
8 1 512 512
8 1 512 512
64 1 1500 64
64 1 64 1500
8 1 512 512
8 1 2048 512
8 1 512 2048
8 3 512 512
64 1 64 64
64 1 64 64
8 1 512 512
8 1 512 512
64 1 1500 64
64 1 64 1500
8 1 512 512
8 1 2048 512
8 1 512 2048
8 3 512 512
64 1 64 64
64 1 64 64
8 1 512 512
8 1 512 512
64 1 1500 64
64 1 64 1500
8 1 512 512
8 1 2048 512
8 1 512 2048
8 3 512 512
64 1 64 64
64 1 64 64
8 1 512 512
8 1 512 512
64 1 1500 64
64 1 64 1500
8 1 512 512
8 1 2048 512
8 1 512 2048
8 3 512 512
64 1 64 64
64 1 64 64
8 1 512 512
8 1 512 512
64 1 1500 64
64 1 64 1500
8 1 512 512
8 1 2048 512
8 1 512 2048
8 3 512 512
64 1 64 64
64 1 64 64
8 1 512 512
8 1 512 512
64 1 1500 64
64 1 64 1500
8 1 512 512
8 1 2048 512
8 1 512 2048
8 1 51865 512
