32 3 512 512
256 1 64 64
256 1 64 64
32 1 512 512
32 1 512 512
256 1 1500 64
256 1 64 1500
32 1 512 512
32 1 2048 512
32 1 512 2048
32 3 512 512
256 1 64 64
256 1 64 64
32 1 512 512
32 1 512 512
256 1 1500 64
256 1 64 1500
32 1 512 512
32 1 2048 512
32 1 512 2048
32 3 512 512
256 1 64 64
256 1 64 64
32 1 512 512
32 1 512 512
256 1 1500 64
256 1 64 1500
32 1 512 512
32 1 2048 512
32 1 512 2048
32 3 512 512
256 1 64 64
256 1 64 64
32 1 512 512
32 1 512 512
256 1 1500 64
256 1 64 1500
32 1 512 512
32 1 2048 512
32 1 512 2048
32 3 512 512
256 1 64 64
256 1 64 64
32 1 512 512
32 1 512 512
256 1 1500 64
256 1 64 1500
32 1 512 512
32 1 2048 512
32 1 512 2048
32 3 512 512
256 1 64 64
256 1 64 64
32 1 512 512
32 1 512 512
256 1 1500 64
256 1 64 1500
32 1 512 512
32 1 2048 512
32 1 512 2048
32 1 51865 512
