1500 512 240
750 512 1536
2250 512 512
750 750 64
750 750 64
750 750 64
750 750 64
750 750 64
750 750 64
750 750 64
750 750 64
750 64 750
750 64 750
750 64 750
750 64 750
750 64 750
750 64 750
750 64 750
750 64 750
750 512 512
750 2048 512
750 512 2048
2250 512 512
750 750 64
750 750 64
750 750 64
750 750 64
750 750 64
750 750 64
750 750 64
750 750 64
750 64 750
750 64 750
750 64 750
750 64 750
750 64 750
750 64 750
750 64 750
750 64 750
750 512 512
750 2048 512
750 512 2048
2250 512 512
750 750 64
750 750 64
750 750 64
750 750 64
750 750 64
750 750 64
750 750 64
750 750 64
750 64 750
750 64 750
750 64 750
750 64 750
750 64 750
750 64 750
750 64 750
750 64 750
750 512 512
750 2048 512
750 512 2048
2250 512 512
750 750 64
750 750 64
750 750 64
750 750 64
750 750 64
750 750 64
750 750 64
750 750 64
750 64 750
750 64 750
750 64 750
750 64 750
750 64 750
750 64 750
750 64 750
750 64 750
750 512 512
750 2048 512
750 512 2048
2250 512 512
750 750 64
750 750 64
750 750 64
750 750 64
750 750 64
750 750 64
750 750 64
750 750 64
750 64 750
750 64 750
750 64 750
750 64 750
750 64 750
750 64 750
750 64 750
750 64 750
750 512 512
750 2048 512
750 512 2048
2250 512 512
750 750 64
750 750 64
750 750 64
750 750 64
750 750 64
750 750 64
750 750 64
750 750 64
750 64 750
750 64 750
750 64 750
750 64 750
750 64 750
750 64 750
750 64 750
750 64 750
750 512 512
750 2048 512
750 512 2048
192 512 512
64 64 64
64 64 64
64 64 64
64 64 64
64 64 64
64 64 64
64 64 64
64 64 64
64 64 64
64 64 64
64 64 64
64 64 64
64 64 64
64 64 64
64 64 64
64 64 64
64 512 512
1564 512 512
64 750 64
64 750 64
64 750 64
64 750 64
64 750 64
64 750 64
64 750 64
64 750 64
64 64 750
64 64 750
64 64 750
64 64 750
64 64 750
64 64 750
64 64 750
64 64 750
64 512 512
64 2048 512
64 512 2048
192 512 512
64 64 64
64 64 64
64 64 64
64 64 64
64 64 64
64 64 64
64 64 64
64 64 64
64 64 64
64 64 64
64 64 64
64 64 64
64 64 64
64 64 64
64 64 64
64 64 64
64 512 512
1564 512 512
64 750 64
64 750 64
64 750 64
64 750 64
64 750 64
64 750 64
64 750 64
64 750 64
64 64 750
64 64 750
64 64 750
64 64 750
64 64 750
64 64 750
64 64 750
64 64 750
64 512 512
64 2048 512
64 512 2048
192 512 512
64 64 64
64 64 64
64 64 64
64 64 64
64 64 64
64 64 64
64 64 64
64 64 64
64 64 64
64 64 64
64 64 64
64 64 64
64 64 64
64 64 64
64 64 64
64 64 64
64 512 512
1564 512 512
64 750 64
64 750 64
64 750 64
64 750 64
64 750 64
64 750 64
64 750 64
64 750 64
64 64 750
64 64 750
64 64 750
64 64 750
64 64 750
64 64 750
64 64 750
64 64 750
64 512 512
64 2048 512
64 512 2048
192 512 512
64 64 64
64 64 64
64 64 64
64 64 64
64 64 64
64 64 64
64 64 64
64 64 64
64 64 64
64 64 64
64 64 64
64 64 64
64 64 64
64 64 64
64 64 64
64 64 64
64 512 512
1564 512 512
64 750 64
64 750 64
64 750 64
64 750 64
64 750 64
64 750 64
64 750 64
64 750 64
64 64 750
64 64 750
64 64 750
64 64 750
64 64 750
64 64 750
64 64 750
64 64 750
64 512 512
64 2048 512
64 512 2048
192 512 512
64 64 64
64 64 64
64 64 64
64 64 64
64 64 64
64 64 64
64 64 64
64 64 64
64 64 64
64 64 64
64 64 64
64 64 64
64 64 64
64 64 64
64 64 64
64 64 64
64 512 512
1564 512 512
64 750 64
64 750 64
64 750 64
64 750 64
64 750 64
64 750 64
64 750 64
64 750 64
64 64 750
64 64 750
64 64 750
64 64 750
64 64 750
64 64 750
64 64 750
64 64 750
64 512 512
64 2048 512
64 512 2048
192 512 512
64 64 64
64 64 64
64 64 64
64 64 64
64 64 64
64 64 64
64 64 64
64 64 64
64 64 64
64 64 64
64 64 64
64 64 64
64 64 64
64 64 64
64 64 64
64 64 64
64 512 512
1564 512 512
64 750 64
64 750 64
64 750 64
64 750 64
64 750 64
64 750 64
64 750 64
64 750 64
64 64 750
64 64 750
64 64 750
64 64 750
64 64 750
64 64 750
64 64 750
64 64 750
64 512 512
64 2048 512
64 512 2048
64 51865 512
