500 512 240
250 512 1536
750 512 512
250 250 64
250 250 64
250 250 64
250 250 64
250 250 64
250 250 64
250 250 64
250 250 64
250 64 250
250 64 250
250 64 250
250 64 250
250 64 250
250 64 250
250 64 250
250 64 250
250 512 512
250 2048 512
250 512 2048
750 512 512
250 250 64
250 250 64
250 250 64
250 250 64
250 250 64
250 250 64
250 250 64
250 250 64
250 64 250
250 64 250
250 64 250
250 64 250
250 64 250
250 64 250
250 64 250
250 64 250
250 512 512
250 2048 512
250 512 2048
750 512 512
250 250 64
250 250 64
250 250 64
250 250 64
250 250 64
250 250 64
250 250 64
250 250 64
250 64 250
250 64 250
250 64 250
250 64 250
250 64 250
250 64 250
250 64 250
250 64 250
250 512 512
250 2048 512
250 512 2048
750 512 512
250 250 64
250 250 64
250 250 64
250 250 64
250 250 64
250 250 64
250 250 64
250 250 64
250 64 250
250 64 250
250 64 250
250 64 250
250 64 250
250 64 250
250 64 250
250 64 250
250 512 512
250 2048 512
250 512 2048
750 512 512
250 250 64
250 250 64
250 250 64
250 250 64
250 250 64
250 250 64
250 250 64
250 250 64
250 64 250
250 64 250
250 64 250
250 64 250
250 64 250
250 64 250
250 64 250
250 64 250
250 512 512
250 2048 512
250 512 2048
750 512 512
250 250 64
250 250 64
250 250 64
250 250 64
250 250 64
250 250 64
250 250 64
250 250 64
250 64 250
250 64 250
250 64 250
250 64 250
250 64 250
250 64 250
250 64 250
250 64 250
250 512 512
250 2048 512
250 512 2048
192 512 512
64 64 64
64 64 64
64 64 64
64 64 64
64 64 64
64 64 64
64 64 64
64 64 64
64 64 64
64 64 64
64 64 64
64 64 64
64 64 64
64 64 64
64 64 64
64 64 64
64 512 512
564 512 512
64 250 64
64 250 64
64 250 64
64 250 64
64 250 64
64 250 64
64 250 64
64 250 64
64 64 250
64 64 250
64 64 250
64 64 250
64 64 250
64 64 250
64 64 250
64 64 250
64 512 512
64 2048 512
64 512 2048
192 512 512
64 64 64
64 64 64
64 64 64
64 64 64
64 64 64
64 64 64
64 64 64
64 64 64
64 64 64
64 64 64
64 64 64
64 64 64
64 64 64
64 64 64
64 64 64
64 64 64
64 512 512
564 512 512
64 250 64
64 250 64
64 250 64
64 250 64
64 250 64
64 250 64
64 250 64
64 250 64
64 64 250
64 64 250
64 64 250
64 64 250
64 64 250
64 64 250
64 64 250
64 64 250
64 512 512
64 2048 512
64 512 2048
192 512 512
64 64 64
64 64 64
64 64 64
64 64 64
64 64 64
64 64 64
64 64 64
64 64 64
64 64 64
64 64 64
64 64 64
64 64 64
64 64 64
64 64 64
64 64 64
64 64 64
64 512 512
564 512 512
64 250 64
64 250 64
64 250 64
64 250 64
64 250 64
64 250 64
64 250 64
64 250 64
64 64 250
64 64 250
64 64 250
64 64 250
64 64 250
64 64 250
64 64 250
64 64 250
64 512 512
64 2048 512
64 512 2048
192 512 512
64 64 64
64 64 64
64 64 64
64 64 64
64 64 64
64 64 64
64 64 64
64 64 64
64 64 64
64 64 64
64 64 64
64 64 64
64 64 64
64 64 64
64 64 64
64 64 64
64 512 512
564 512 512
64 250 64
64 250 64
64 250 64
64 250 64
64 250 64
64 250 64
64 250 64
64 250 64
64 64 250
64 64 250
64 64 250
64 64 250
64 64 250
64 64 250
64 64 250
64 64 250
64 512 512
64 2048 512
64 512 2048
192 512 512
64 64 64
64 64 64
64 64 64
64 64 64
64 64 64
64 64 64
64 64 64
64 64 64
64 64 64
64 64 64
64 64 64
64 64 64
64 64 64
64 64 64
64 64 64
64 64 64
64 512 512
564 512 512
64 250 64
64 250 64
64 250 64
64 250 64
64 250 64
64 250 64
64 250 64
64 250 64
64 64 250
64 64 250
64 64 250
64 64 250
64 64 250
64 64 250
64 64 250
64 64 250
64 512 512
64 2048 512
64 512 2048
192 512 512
64 64 64
64 64 64
64 64 64
64 64 64
64 64 64
64 64 64
64 64 64
64 64 64
64 64 64
64 64 64
64 64 64
64 64 64
64 64 64
64 64 64
64 64 64
64 64 64
64 512 512
564 512 512
64 250 64
64 250 64
64 250 64
64 250 64
64 250 64
64 250 64
64 250 64
64 250 64
64 64 250
64 64 250
64 64 250
64 64 250
64 64 250
64 64 250
64 64 250
64 64 250
64 512 512
64 2048 512
64 512 2048
64 51865 512
