3000 512 240
1500 512 1536
4500 512 512
1500 1500 64
1500 1500 64
1500 1500 64
1500 1500 64
1500 1500 64
1500 1500 64
1500 1500 64
1500 1500 64
1500 64 1500
1500 64 1500
1500 64 1500
1500 64 1500
1500 64 1500
1500 64 1500
1500 64 1500
1500 64 1500
1500 512 512
1500 2048 512
1500 512 2048
4500 512 512
1500 1500 64
1500 1500 64
1500 1500 64
1500 1500 64
1500 1500 64
1500 1500 64
1500 1500 64
1500 1500 64
1500 64 1500
1500 64 1500
1500 64 1500
1500 64 1500
1500 64 1500
1500 64 1500
1500 64 1500
1500 64 1500
1500 512 512
1500 2048 512
1500 512 2048
4500 512 512
1500 1500 64
1500 1500 64
1500 1500 64
1500 1500 64
1500 1500 64
1500 1500 64
1500 1500 64
1500 1500 64
1500 64 1500
1500 64 1500
1500 64 1500
1500 64 1500
1500 64 1500
1500 64 1500
1500 64 1500
1500 64 1500
1500 512 512
1500 2048 512
1500 512 2048
4500 512 512
1500 1500 64
1500 1500 64
1500 1500 64
1500 1500 64
1500 1500 64
1500 1500 64
1500 1500 64
1500 1500 64
1500 64 1500
1500 64 1500
1500 64 1500
1500 64 1500
1500 64 1500
1500 64 1500
1500 64 1500
1500 64 1500
1500 512 512
1500 2048 512
1500 512 2048
4500 512 512
1500 1500 64
1500 1500 64
1500 1500 64
1500 1500 64
1500 1500 64
1500 1500 64
1500 1500 64
1500 1500 64
1500 64 1500
1500 64 1500
1500 64 1500
1500 64 1500
1500 64 1500
1500 64 1500
1500 64 1500
1500 64 1500
1500 512 512
1500 2048 512
1500 512 2048
4500 512 512
1500 1500 64
1500 1500 64
1500 1500 64
1500 1500 64
1500 1500 64
1500 1500 64
1500 1500 64
1500 1500 64
1500 64 1500
1500 64 1500
1500 64 1500
1500 64 1500
1500 64 1500
1500 64 1500
1500 64 1500
1500 64 1500
1500 512 512
1500 2048 512
1500 512 2048
192 512 512
64 64 64
64 64 64
64 64 64
64 64 64
64 64 64
64 64 64
64 64 64
64 64 64
64 64 64
64 64 64
64 64 64
64 64 64
64 64 64
64 64 64
64 64 64
64 64 64
64 512 512
3064 512 512
64 1500 64
64 1500 64
64 1500 64
64 1500 64
64 1500 64
64 1500 64
64 1500 64
64 1500 64
64 64 1500
64 64 1500
64 64 1500
64 64 1500
64 64 1500
64 64 1500
64 64 1500
64 64 1500
64 512 512
64 2048 512
64 512 2048
192 512 512
64 64 64
64 64 64
64 64 64
64 64 64
64 64 64
64 64 64
64 64 64
64 64 64
64 64 64
64 64 64
64 64 64
64 64 64
64 64 64
64 64 64
64 64 64
64 64 64
64 512 512
3064 512 512
64 1500 64
64 1500 64
64 1500 64
64 1500 64
64 1500 64
64 1500 64
64 1500 64
64 1500 64
64 64 1500
64 64 1500
64 64 1500
64 64 1500
64 64 1500
64 64 1500
64 64 1500
64 64 1500
64 512 512
64 2048 512
64 512 2048
192 512 512
64 64 64
64 64 64
64 64 64
64 64 64
64 64 64
64 64 64
64 64 64
64 64 64
64 64 64
64 64 64
64 64 64
64 64 64
64 64 64
64 64 64
64 64 64
64 64 64
64 512 512
3064 512 512
64 1500 64
64 1500 64
64 1500 64
64 1500 64
64 1500 64
64 1500 64
64 1500 64
64 1500 64
64 64 1500
64 64 1500
64 64 1500
64 64 1500
64 64 1500
64 64 1500
64 64 1500
64 64 1500
64 512 512
64 2048 512
64 512 2048
192 512 512
64 64 64
64 64 64
64 64 64
64 64 64
64 64 64
64 64 64
64 64 64
64 64 64
64 64 64
64 64 64
64 64 64
64 64 64
64 64 64
64 64 64
64 64 64
64 64 64
64 512 512
3064 512 512
64 1500 64
64 1500 64
64 1500 64
64 1500 64
64 1500 64
64 1500 64
64 1500 64
64 1500 64
64 64 1500
64 64 1500
64 64 1500
64 64 1500
64 64 1500
64 64 1500
64 64 1500
64 64 1500
64 512 512
64 2048 512
64 512 2048
192 512 512
64 64 64
64 64 64
64 64 64
64 64 64
64 64 64
64 64 64
64 64 64
64 64 64
64 64 64
64 64 64
64 64 64
64 64 64
64 64 64
64 64 64
64 64 64
64 64 64
64 512 512
3064 512 512
64 1500 64
64 1500 64
64 1500 64
64 1500 64
64 1500 64
64 1500 64
64 1500 64
64 1500 64
64 64 1500
64 64 1500
64 64 1500
64 64 1500
64 64 1500
64 64 1500
64 64 1500
64 64 1500
64 512 512
64 2048 512
64 512 2048
192 512 512
64 64 64
64 64 64
64 64 64
64 64 64
64 64 64
64 64 64
64 64 64
64 64 64
64 64 64
64 64 64
64 64 64
64 64 64
64 64 64
64 64 64
64 64 64
64 64 64
64 512 512
3064 512 512
64 1500 64
64 1500 64
64 1500 64
64 1500 64
64 1500 64
64 1500 64
64 1500 64
64 1500 64
64 64 1500
64 64 1500
64 64 1500
64 64 1500
64 64 1500
64 64 1500
64 64 1500
64 64 1500
64 512 512
64 2048 512
64 512 2048
64 51865 512
