3 512 512
1 64 64
1 64 64
1 64 64
1 64 64
1 64 64
1 64 64
1 64 64
1 64 64
1 64 64
1 64 64
1 64 64
1 64 64
1 64 64
1 64 64
1 64 64
1 64 64
1 512 512
1 512 512
1 1500 64
1 1500 64
1 1500 64
1 1500 64
1 1500 64
1 1500 64
1 1500 64
1 1500 64
1 64 1500
1 64 1500
1 64 1500
1 64 1500
1 64 1500
1 64 1500
1 64 1500
1 64 1500
1 512 512
1 2048 512
1 512 2048
3 512 512
1 64 64
1 64 64
1 64 64
1 64 64
1 64 64
1 64 64
1 64 64
1 64 64
1 64 64
1 64 64
1 64 64
1 64 64
1 64 64
1 64 64
1 64 64
1 64 64
1 512 512
1 512 512
1 1500 64
1 1500 64
1 1500 64
1 1500 64
1 1500 64
1 1500 64
1 1500 64
1 1500 64
1 64 1500
1 64 1500
1 64 1500
1 64 1500
1 64 1500
1 64 1500
1 64 1500
1 64 1500
1 512 512
1 2048 512
1 512 2048
3 512 512
1 64 64
1 64 64
1 64 64
1 64 64
1 64 64
1 64 64
1 64 64
1 64 64
1 64 64
1 64 64
1 64 64
1 64 64
1 64 64
1 64 64
1 64 64
1 64 64
1 512 512
1 512 512
1 1500 64
1 1500 64
1 1500 64
1 1500 64
1 1500 64
1 1500 64
1 1500 64
1 1500 64
1 64 1500
1 64 1500
1 64 1500
1 64 1500
1 64 1500
1 64 1500
1 64 1500
1 64 1500
1 512 512
1 2048 512
1 512 2048
3 512 512
1 64 64
1 64 64
1 64 64
1 64 64
1 64 64
1 64 64
1 64 64
1 64 64
1 64 64
1 64 64
1 64 64
1 64 64
1 64 64
1 64 64
1 64 64
1 64 64
1 512 512
1 512 512
1 1500 64
1 1500 64
1 1500 64
1 1500 64
1 1500 64
1 1500 64
1 1500 64
1 1500 64
1 64 1500
1 64 1500
1 64 1500
1 64 1500
1 64 1500
1 64 1500
1 64 1500
1 64 1500
1 512 512
1 2048 512
1 512 2048
3 512 512
1 64 64
1 64 64
1 64 64
1 64 64
1 64 64
1 64 64
1 64 64
1 64 64
1 64 64
1 64 64
1 64 64
1 64 64
1 64 64
1 64 64
1 64 64
1 64 64
1 512 512
1 512 512
1 1500 64
1 1500 64
1 1500 64
1 1500 64
1 1500 64
1 1500 64
1 1500 64
1 1500 64
1 64 1500
1 64 1500
1 64 1500
1 64 1500
1 64 1500
1 64 1500
1 64 1500
1 64 1500
1 512 512
1 2048 512
1 512 2048
3 512 512
1 64 64
1 64 64
1 64 64
1 64 64
1 64 64
1 64 64
1 64 64
1 64 64
1 64 64
1 64 64
1 64 64
1 64 64
1 64 64
1 64 64
1 64 64
1 64 64
1 512 512
1 512 512
1 1500 64
1 1500 64
1 1500 64
1 1500 64
1 1500 64
1 1500 64
1 1500 64
1 1500 64
1 64 1500
1 64 1500
1 64 1500
1 64 1500
1 64 1500
1 64 1500
1 64 1500
1 64 1500
1 512 512
1 2048 512
1 512 2048
1 51865 512
